0 0 PD
0 1 PD
0 2 D
0 3 D
0 4 D
0 5 D
0 6 PD
0 7 D
0 8 D
0 9 D
0 10 D
0 11 D
0 12 PD
0 13 D
0 14 D
0 15 D
0 16 D
0 17 D
0 18 D
0 19 D
0 20 D
0 21 PD
0 22 D
0 23 D
0 24 PD
0 25 D
0 26 D
0 27 D
0 28 PD
0 29 D
0 30 D
0 31 D
0 32 D
0 33 PD
0 34 D
0 35 D
0 36 D
0 37 D
0 38 PD
0 39 D
0 40 PD
0 41 D
0 42 D
0 43 PD
0 44 D
0 45 D
0 46 D
0 47 D
0 48 D
0 49 D
0 50 D
0 51 D
0 52 D
0 53 PD
0 54 D
0 55 PD
0 56 D
0 57 D
0 58 D
0 59 D
0 60 D
0 61 D
0 62 D
0 63 PD
0 64 PD
0 65 D
0 66 PD
0 67 D
0 68 D
0 69 D
0 70 D
0 71 D
0 72 D
0 73 D
0 74 D
0 75 D
0 76 D
0 77 D
0 78 D
0 79 D
1 0 P
1 1 D
1 2 PD
1 3 D
1 4 P
1 5 P
1 6 D
1 7 P
1 8 D
1 9 PD
1 10 D
1 11 D
1 12
1 13 PD
1 14 D
1 15 D
1 16 P
1 17 P
1 18 PD
1 19 D
1 20
1 21 D
1 22
1 23 P
1 24
1 25 PD
1 26 D
1 27 P
1 28 D
1 29
1 30 PD
1 31 P
1 32 PD
1 33
1 34 P
1 35 D
1 36 PD
1 37 P
1 38 D
1 39
1 40 P
1 41 D
1 42 P
1 43 P
1 44 P
1 45 D
1 46 PD
1 47 D
1 48 D
1 49 PD
1 50 PD
1 51 D
1 52
1 53 P
1 54 P
1 55 D
1 56 D
1 57 PD
1 58 D
1 59 P
1 60 D
1 61 PD
1 62 P
1 63 P
1 64 P
1 65 P
1 66 P
1 67 D
1 68 PD
1 69 D
1 70 PD
1 71 D
1 72 P
1 73 PD
1 74 D
1 75 PD
1 76
1 77 PD
1 78 D
1 79
2 0 PD
2 1 P
2 2 P
2 3 P
2 4 P
2 5 PD
2 6
2 7 P
2 8 P
2 9 P
2 10 PD
2 11 D
2 12 PD
2 13
2 14 PD
2 15
2 16 P
2 17 P
2 18 PD
2 19 D
2 20 PD
2 21 D
2 22 D
2 23 PD
2 24 D
2 25 P
2 26 P
2 27 D
2 28 PD
2 29 D
2 30
2 31 P
2 32 P
2 33 D
2 34 PD
2 35
2 36 P
2 37
2 38 PD
2 39 D
2 40 D
2 41
2 42 P
2 43 P
2 44 D
2 45 P
2 46 P
2 47 PD
2 48
2 49
2 50 P
2 51 PD
2 52 PD
2 53
2 54 D
2 55 PD
2 56
2 57 P
2 58 P
2 59 D
2 60
2 61 P
2 62 P
2 63 P
2 64
2 65 P
2 66 D
2 67
2 68 P
2 69 P
2 70 P
2 71 P
2 72 D
2 73
2 74 P
2 75
2 76 PD
2 77 D
2 78 D
2 79 P
3 0 P
3 1 P
3 2
3 3 P
3 4
3 5 P
3 6 D
3 7 D
3 8 P
3 9 P
3 10 P
3 11 P
3 12
3 13 PD
3 14
3 15 PD
3 16
3 17 P
3 18
3 19 P
3 20 P
3 21 P
3 22 PD
3 23
3 24 P
3 25
3 26 PD
3 27 P
3 28
3 29 P
3 30 D
3 31
3 32 D
3 33 P
3 34 P
3 35 D
3 36 D
3 37 D
3 38
3 39 PD
3 40 D
3 41 D
3 42 P
3 43
3 44 PD
3 45
3 46 P
3 47 D
3 48 PD
3 49 D
3 50
3 51 P
3 52
3 53 PD
3 54
3 55 P
3 56 D
3 57
3 58 PD
3 59 D
3 60 D
3 61
3 62
3 63 D
3 64 D
3 65 D
3 66 D
3 67 D
3 68
3 69 P
3 70 P
3 71 P
3 72 PD
3 73 D
3 74 PD
3 75 D
3 76
3 77 PD
3 78
3 79 P
4 0 P
4 1 PD
4 2 D
4 3 D
4 4 D
4 5 PD
4 6 PD
4 7
4 8 P
4 9
4 10 P
4 11 D
4 12 D
4 13 P
4 14 PD
4 15 D
4 16 D
4 17 P
4 18 PD
4 19
4 20 PD
4 21
4 22 P
4 23 D
4 24 PD
4 25 D
4 26
4 27 PD
4 28 D
4 29 D
4 30 P
4 31 PD
4 32 D
4 33 P
4 34 PD
4 35 D
4 36 D
4 37 D
4 38 D
4 39 P
4 40 PD
4 41 D
4 42 D
4 43 PD
4 44
4 45 PD
4 46
4 47 P
4 48
4 49 PD
4 50 D
4 51
4 52 D
4 53 P
4 54 D
4 55 D
4 56 PD
4 57
4 58 PD
4 59 D
4 60 P
4 61 PD
4 62 D
4 63 PD
4 64 D
4 65 D
4 66 D
4 67 D
4 68 PD
4 69
4 70 P
4 71 D
4 72
4 73 P
4 74
4 75 PD
4 76 D
4 77
4 78 PD
4 79 P
5 0 P
5 1 P
5 2 PD
5 3 P
5 4 P
5 5 P
5 6 P
5 7 PD
5 8
5 9 PD
5 10 D
5 11 PD
5 12
5 13 P
5 14
5 15 PD
5 16 P
5 17 P
5 18 P
5 19 PD
5 20
5 21 PD
5 22 D
5 23
5 24 D
5 25
5 26 PD
5 27
5 28 PD
5 29 P
5 30 D
5 31
5 32 P
5 33
5 34 P
5 35 D
5 36 PD
5 37
5 38 P
5 39 P
5 40
5 41 P
5 42 PD
5 43
5 44 PD
5 45 P
5 46 PD
5 47 D
5 48 D
5 49 D
5 50 D
5 51 PD
5 52 D
5 53 PD
5 54 D
5 55 P
5 56 PD
5 57 D
5 58
5 59 P
5 60 D
5 61
5 62 P
5 63 P
5 64 D
5 65 D
5 66 PD
5 67
5 68 P
5 69 PD
5 70
5 71 PD
5 72 PD
5 73 D
5 74 D
5 75
5 76 PD
5 77 D
5 78
5 79 P
6 0 P
6 1
6 2
6 3 P
6 4 P
6 5
6 6 P
6 7 P
6 8 D
6 9 PD
6 10
6 11 P
6 12 PD
6 13 D
6 14 D
6 15 P
6 16
6 17 P
6 18 P
6 19 P
6 20 P
6 21 P
6 22 PD
6 23 PD
6 24 D
6 25 D
6 26
6 27 PD
6 28
6 29 D
6 30 D
6 31 PD
6 32 D
6 33 D
6 34
6 35 PD
6 36
6 37 PD
6 38
6 39 P
6 40 PD
6 41
6 42 P
6 43 D
6 44 P
6 45 P
6 46 D
6 47 P
6 48 PD
6 49 D
6 50 P
6 51 P
6 52 P
6 53
6 54 P
6 55
6 56 P
6 57 PD
6 58 D
6 59 D
6 60 D
6 61 D
6 62 P
6 63 PD
6 64 D
6 65 P
6 66 D
6 67 P
6 68 P
6 69 D
6 70 P
6 71 P
6 72 P
6 73 PD
6 74 PD
6 75 D
6 76
6 77 P
6 78 D
6 79
7 0 P
7 1 PD
7 2 D
7 3
7 4 PD
7 5 D
7 6
7 7 PD
7 8
7 9
7 10 P
7 11 P
7 12 P
7 13 PD
7 14
7 15 P
7 16 D
7 17 D
7 18
7 19 P
7 20 P
7 21 P
7 22
7 23 P
7 24 PD
7 25 D
7 26 D
7 27 P
7 28 PD
7 29 D
7 30 P
7 31 P
7 32 D
7 33 PD
7 34 D
7 35 P
7 36 D
7 37 D
7 38 P
7 39 D
7 40 P
7 41 D
7 42 D
7 43 P
7 44 P
7 45 D
7 46
7 47 P
7 48 PD
7 49
7 50 P
7 51
7 52 PD
7 53 D
7 54 PD
7 55
7 56 P
7 57 D
7 58 D
7 59
7 60 PD
7 61
7 62 P
7 63 P
7 64 P
7 65 P
7 66 P
7 67 D
7 68 D
7 69 P
7 70 P
7 71
7 72 P
7 73 P
7 74
7 75 D
7 76 D
7 77 PD
7 78 D
7 79 D
8 0 PD
8 1
8 2 PD
8 3 P
8 4 P
8 5 D
8 6 D
8 7 D
8 8 PD
8 9 D
8 10 P
8 11 P
8 12 P
8 13 D
8 14 D
8 15 D
8 16 D
8 17 D
8 18 PD
8 19 D
8 20
8 21 PD
8 22
8 23 P
8 24 P
8 25 PD
8 26
8 27 P
8 28 P
8 29 D
8 30 P
8 31 PD
8 32 P
8 33
8 34 P
8 35 D
8 36 D
8 37 P
8 38 PD
8 39
8 40 PD
8 41 D
8 42 P
8 43 P
8 44 P
8 45 PD
8 46 D
8 47
8 48 P
8 49 D
8 50 D
8 51 D
8 52
8 53 P
8 54 P
8 55 D
8 56 D
8 57 PD
8 58 PD
8 59 D
8 60
8 61 PD
8 62 P
8 63 P
8 64 P
8 65 P
8 66 D
8 67 P
8 68 D
8 69 P
8 70 D
8 71 P
8 72 P
8 73 D
8 74 PD
8 75 D
8 76
8 77 P
8 78 PD
8 79
9 0 P
9 1 PD
9 2
9 3 P
9 4 PD
9 5 PD
9 6 D
9 7
9 8 P
9 9 P
9 10
9 11 P
9 12 D
9 13 P
9 14 P
9 15 PD
9 16 D
9 17 D
9 18
9 19 P
9 20 PD
9 21
9 22 PD
9 23 P
9 24
9 25 P
9 26 D
9 27
9 28 PD
9 29
9 30 P
9 31 P
9 32
9 33 PD
9 34 D
9 35 D
9 36 D
9 37 P
9 38 P
9 39 PD
9 40
9 41 P
9 42
9 43 P
9 44 P
9 45 D
9 46 D
9 47
9 48 P
9 49 D
9 50 D
9 51 D
9 52 D
9 53 P
9 54 D
9 55 D
9 56 P
9 57
9 58 P
9 59 PD
9 60 D
9 61
9 62 P
9 63 P
9 64 P
9 65 D
9 66 PD
9 67 D
9 68 P
9 69 D
9 70 P
9 71 D
9 72 PD
9 73
9 74 P
9 75 PD
9 76 D
9 77 D
9 78
9 79 P
10 0 P
10 1 D
10 2 P
10 3
10 4
10 5 P
10 6 PD
10 7 D
10 8 D
10 9 D
10 10 D
10 11 D
10 12 P
10 13 P
10 14 P
10 15
10 16 D
10 17 PD
10 18 PD
10 19
10 20 P
10 21 D
10 22
10 23 D
10 24 PD
10 25 D
10 26 D
10 27 PD
10 28
10 29 D
10 30 P
10 31 D
10 32 D
10 33
10 34 PD
10 35 D
10 36 P
10 37
10 38 P
10 39 D
10 40 P
10 41 D
10 42 D
10 43 P
10 44 D
10 45 D
10 46 D
10 47 D
10 48 PD
10 49 D
10 50 D
10 51 D
10 52 D
10 53 P
10 54 D
10 55 P
10 56 D
10 57
10 58 P
10 59 P
10 60 P
10 61 P
10 62 P
10 63 P
10 64 D
10 65 P
10 66
10 67 P
10 68 P
10 69 P
10 70 D
10 71 P
10 72 P
10 73 D
10 74 P
10 75 P
10 76 D
10 77 PD
10 78 D
10 79
11 0 PD
11 1
11 2 P
11 3 PD
11 4 D
11 5
11 6 P
11 7 P
11 8 PD
11 9 D
11 10 D
11 11 P
11 12 P
11 13 D
11 14 D
11 15 PD
11 16
11 17 P
11 18 P
11 19 P
11 20 PD
11 21
11 22 PD
11 23 D
11 24
11 25 PD
11 26 P
11 27
11 28 PD
11 29
11 30 PD
11 31 D
11 32 D
11 33 D
11 34
11 35 D
11 36 D
11 37 D
11 38 PD
11 39
11 40 P
11 41 D
11 42 P
11 43 D
11 44 D
11 45 PD
11 46 D
11 47
11 48 P
11 49 D
11 50 D
11 51 D
11 52 P
11 53 D
11 54 D
11 55 D
11 56 D
11 57 D
11 58 P
11 59 D
11 60
11 61 P
11 62 P
11 63 D
11 64
11 65 PD
11 66 PD
11 67
11 68 P
11 69 D
11 70 P
11 71 P
11 72 D
11 73 P
11 74 P
11 75 D
11 76
11 77 PD
11 78 D
11 79 D
12 0 P
12 1 PD
12 2 D
12 3
12 4 PD
12 5 PD
12 6 D
12 7
12 8 P
12 9 PD
12 10 P
12 11 P
12 12 P
12 13 PD
12 14
12 15 P
12 16 D
12 17
12 18 P
12 19 PD
12 20
12 21 PD
12 22 P
12 23 PD
12 24 D
12 25
12 26 D
12 27 PD
12 28 P
12 29 D
12 30 P
12 31 PD
12 32 D
12 33 D
12 34 PD
12 35 D
12 36 D
12 37
12 38 P
12 39 D
12 40 D
12 41 D
12 42 P
12 43 D
12 44 P
12 45 P
12 46 D
12 47 P
12 48 D
12 49 D
12 50 D
12 51 P
12 52 PD
12 53 D
12 54 D
12 55 D
12 56 D
12 57 P
12 58 D
12 59 PD
12 60 D
12 61 P
12 62 D
12 63 D
12 64 D
12 65
12 66 P
12 67 PD
12 68 D
12 69 P
12 70 P
12 71 D
12 72
12 73 P
12 74 D
12 75 D
12 76 D
12 77 P
12 78 PD
12 79
13 0 P
13 1 P
13 2 D
13 3 PD
13 4
13 5
13 6 P
13 7 D
13 8
13 9 P
13 10 P
13 11 P
13 12 P
13 13 P
13 14 D
13 15 D
13 16 PD
13 17
13 18 P
13 19
13 20 PD
13 21
13 22 P
13 23
13 24 PD
13 25 D
13 26 P
13 27 P
13 28 D
13 29 P
13 30
13 31 P
13 32 P
13 33 P
13 34 P
13 35 PD
13 36 D
13 37 P
13 38 D
13 39 D
13 40 PD
13 41
13 42 PD
13 43 D
13 44 P
13 45 PD
13 46
13 47 P
13 48 PD
13 49 D
13 50 PD
13 51
13 52 P
13 53 P
13 54 D
13 55 D
13 56 P
13 57 P
13 58 P
13 59 D
13 60
13 61 PD
13 62 D
13 63 P
13 64 PD
13 65 D
13 66
13 67 P
13 68 P
13 69 P
13 70 D
13 71 PD
13 72 PD
13 73
13 74 PD
13 75 PD
13 76
13 77 P
13 78 P
13 79 P
14 0 P
14 1 D
14 2 P
14 3 D
14 4 D
14 5 D
14 6 P
14 7 D
14 8 D
14 9
14 10 P
14 11 P
14 12 P
14 13 PD
14 14 D
14 15 P
14 16 D
14 17 P
14 18 D
14 19 D
14 20
14 21 PD
14 22 D
14 23 D
14 24
14 25 P
14 26 P
14 27 P
14 28 D
14 29 D
14 30 PD
14 31 D
14 32
14 33 P
14 34 P
14 35
14 36 P
14 37 D
14 38 D
14 39 D
14 40
14 41 PD
14 42
14 43 P
14 44
14 45 P
14 46 PD
14 47 D
14 48
14 49 P
14 50
14 51 PD
14 52 D
14 53 D
14 54 D
14 55 P
14 56 PD
14 57
14 58 PD
14 59 D
14 60 P
14 61 P
14 62 D
14 63 P
14 64 P
14 65 PD
14 66 D
14 67
14 68 D
14 69 D
14 70 P
14 71 P
14 72
14 73 PD
14 74
14 75 P
14 76 D
14 77 P
14 78 P
14 79 D
15 0 P
15 1 P
15 2 PD
15 3 D
15 4 D
15 5
15 6 PD
15 7 PD
15 8
15 9 PD
15 10
15 11 P
15 12 PD
15 13
15 14 P
15 15 PD
15 16
15 17 PD
15 18 D
15 19 P
15 20 PD
15 21
15 22 P
15 23 PD
15 24 D
15 25 P
15 26 P
15 27 D
15 28
15 29 P
15 30 D
15 31 P
15 32 D
15 33 D
15 34 D
15 35 D
15 36 D
15 37 PD
15 38 D
15 39 D
15 40 D
15 41 D
15 42
15 43 P
15 44 PD
15 45
15 46 P
15 47 D
15 48 PD
15 49 D
15 50 D
15 51 P
15 52 PD
15 53 D
15 54 P
15 55 P
15 56 P
15 57 P
15 58 P
15 59 P
15 60 P
15 61 P
15 62 P
15 63
15 64 P
15 65 D
15 66 D
15 67 D
15 68 P
15 69 PD
15 70
15 71 P
15 72 D
15 73
15 74 P
15 75 PD
15 76
15 77 P
15 78 PD
15 79 P
16 0 P
16 1 P
16 2 P
16 3 PD
16 4 D
16 5 D
16 6 P
16 7
16 8 PD
16 9 P
16 10 D
16 11 P
16 12
16 13 PD
16 14
16 15 P
16 16 P
16 17 P
16 18 P
16 19 D
16 20
16 21 PD
16 22 P
16 23 P
16 24 P
16 25 P
16 26 PD
16 27 D
16 28 D
16 29 D
16 30 P
16 31 D
16 32 P
16 33 D
16 34 D
16 35 P
16 36 D
16 37
16 38 P
16 39 PD
16 40 PD
16 41 D
16 42 D
16 43 P
16 44 P
16 45 D
16 46 D
16 47 P
16 48 D
16 49
16 50 P
16 51
16 52 P
16 53 P
16 54 P
16 55 P
16 56 P
16 57 PD
16 58
16 59 P
16 60 P
16 61 P
16 62 D
16 63 PD
16 64 D
16 65 D
16 66 D
16 67 P
16 68 P
16 69
16 70 D
16 71 D
16 72 D
16 73 PD
16 74 D
16 75 P
16 76 D
16 77
16 78
16 79 P
17 0 P
17 1 P
17 2 P
17 3 P
17 4 PD
17 5
17 6 P
17 7 PD
17 8
17 9 D
17 10 P
17 11 PD
17 12 D
17 13 P
17 14 PD
17 15
17 16 P
17 17 P
17 18 D
17 19 D
17 20 D
17 21
17 22 P
17 23 P
17 24 D
17 25
17 26 P
17 27 PD
17 28
17 29 PD
17 30 D
17 31 P
17 32 D
17 33 PD
17 34
17 35 PD
17 36 D
17 37 PD
17 38
17 39 P
17 40
17 41 D
17 42 P
17 43
17 44 D
17 45 D
17 46 P
17 47 D
17 48 D
17 49 D
17 50 D
17 51 PD
17 52
17 53 P
17 54 P
17 55
17 56 P
17 57 P
17 58 PD
17 59 P
17 60 D
17 61 D
17 62 P
17 63
17 64 PD
17 65 D
17 66 PD
17 67
17 68 P
17 69 PD
17 70 D
17 71 PD
17 72
17 73 P
17 74 P
17 75 P
17 76 PD
17 77 D
17 78 PD
17 79
18 0 PD
18 1
18 2 P
18 3
18 4 P
18 5 PD
18 6
18 7
18 8 PD
18 9 P
18 10 P
18 11 P
18 12 P
18 13 P
18 14 P
18 15 D
18 16 D
18 17 P
18 18 PD
18 19 D
18 20 PD
18 21
18 22 P
18 23 PD
18 24 D
18 25 D
18 26 P
18 27 P
18 28 D
18 29
18 30 P
18 31 D
18 32 P
18 33 D
18 34 PD
18 35
18 36 P
18 37 P
18 38 D
18 39 PD
18 40 D
18 41 PD
18 42 D
18 43 D
18 44 PD
18 45 D
18 46 D
18 47 PD
18 48 D
18 49
18 50 P
18 51
18 52 PD
18 53 D
18 54 D
18 55
18 56 P
18 57
18 58 P
18 59 D
18 60 P
18 61 P
18 62 PD
18 63
18 64 P
18 65 P
18 66
18 67 PD
18 68 D
18 69
18 70 P
18 71 P
18 72 D
18 73 P
18 74 P
18 75 P
18 76
18 77 P
18 78 P
18 79 D
19 0 P
19 1 D
19 2 D
19 3 D
19 4 P
19 5 D
19 6 PD
19 7 D
19 8
19 9
19 10 P
19 11 P
19 12 P
19 13 P
19 14 P
19 15 PD
19 16 P
19 17 P
19 18 P
19 19 P
19 20 PD
19 21 D
19 22
19 23 P
19 24 PD
19 25 P
19 26
19 27 PD
19 28 D
19 29 D
19 30 D
19 31 P
19 32 D
19 33
19 34
19 35 PD
19 36
19 37 D
19 38 P
19 39 P
19 40 P
19 41
19 42 PD
19 43
19 44 P
19 45 PD
19 46
19 47 P
19 48 PD
19 49 D
19 50 D
19 51
19 52 P
19 53 PD
19 54 D
19 55 D
19 56 D
19 57 D
19 58 D
19 59 P
19 60 P
19 61 PD
19 62
19 63 PD
19 64 P
19 65 D
19 66 PD
19 67
19 68 PD
19 69 D
19 70 P
19 71 D
19 72 P
19 73 P
19 74 P
19 75 D
19 76 D
19 77 P
19 78 D
19 79 P
20 0 P
20 1 P
20 2 PD
20 3 P
20 4 PD
20 5 P
20 6 P
20 7 D
20 8 PD
20 9 D
20 10 P
20 11 D
20 12 P
20 13 P
20 14 P
20 15
20 16 P
20 17
20 18 P
20 19 P
20 20 P
20 21 D
20 22 P
20 23 P
20 24
20 25 D
20 26 PD
20 27 P
20 28 PD
20 29 PD
20 30
20 31 D
20 32 PD
20 33 D
20 34 PD
20 35 D
20 36 D
20 37 P
20 38
20 39 P
20 40 D
20 41 PD
20 42
20 43 PD
20 44
20 45 P
20 46 PD
20 47
20 48 D
20 49 D
20 50 D
20 51 D
20 52 P
20 53 P
20 54 PD
20 55
20 56 PD
20 57 D
20 58 P
20 59 P
20 60 P
20 61 P
20 62 PD
20 63
20 64 PD
20 65
20 66 P
20 67 D
20 68
20 69 P
20 70 PD
20 71
20 72 P
20 73
20 74 PD
20 75 D
20 76
20 77 PD
20 78
20 79 P
21 0 P
21 1 P
21 2 P
21 3
21 4
21 5 P
21 6 D
21 7 P
21 8
21 9 PD
21 10 D
21 11
21 12 P
21 13
21 14 PD
21 15
21 16 PD
21 17 D
21 18
21 19 P
21 20 D
21 21
21 22 P
21 23 D
21 24 PD
21 25
21 26 P
21 27
21 28 P
21 29 P
21 30 PD
21 31 P
21 32 P
21 33 P
21 34 P
21 35 D
21 36 P
21 37 D
21 38 D
21 39 D
21 40
21 41 P
21 42 PD
21 43
21 44 PD
21 45
21 46 D
21 47 D
21 48 D
21 49 D
21 50 D
21 51 P
21 52
21 53 P
21 54 P
21 55 D
21 56 D
21 57 P
21 58
21 59 P
21 60 P
21 61 P
21 62 P
21 63 D
21 64 P
21 65 D
21 66 D
21 67 P
21 68 PD
21 69 D
21 70 P
21 71 D
21 72 PD
21 73 D
21 74 P
21 75 D
21 76 PD
21 77 D
21 78 PD
21 79
22 0 P
22 1 P
22 2 D
22 3 D
22 4 D
22 5 D
22 6 P
22 7 PD
22 8
22 9 P
22 10 D
22 11 PD
22 12
22 13 PD
22 14 D
22 15 D
22 16 P
22 17 D
22 18 D
22 19 D
22 20 PD
22 21 D
22 22 D
22 23 D
22 24
22 25 PD
22 26 P
22 27 PD
22 28
22 29 P
22 30 P
22 31
22 32
22 33 PD
22 34 D
22 35
22 36 PD
22 37 D
22 38 D
22 39 D
22 40 D
22 41 P
22 42 P
22 43 PD
22 44 D
22 45 D
22 46 D
22 47 PD
22 48 D
22 49 D
22 50 P
22 51 P
22 52 PD
22 53 D
22 54
22 55 PD
22 56
22 57 P
22 58 D
22 59 P
22 60 P
22 61 P
22 62 D
22 63 P
22 64 D
22 65 D
22 66 P
22 67 P
22 68 P
22 69 P
22 70 D
22 71
22 72 P
22 73 D
22 74 D
22 75 P
22 76
22 77 P
22 78 P
22 79 D
23 0 P
23 1 D
23 2 D
23 3 D
23 4 P
23 5 D
23 6
23 7 P
23 8 PD
23 9 D
23 10
23 11 P
23 12 D
23 13 PD
23 14
23 15 P
23 16 D
23 17 P
23 18 D
23 19 P
23 20 P
23 21 D
23 22 PD
23 23 D
23 24 D
23 25 P
23 26 P
23 27 P
23 28 P
23 29 P
23 30 D
23 31 D
23 32 PD
23 33
23 34 PD
23 35 PD
23 36 D
23 37 D
23 38 D
23 39
23 40 PD
23 41
23 42 P
23 43 D
23 44 P
23 45 PD
23 46
23 47 P
23 48 D
23 49 P
23 50
23 51 P
23 52 D
23 53 P
23 54 PD
23 55
23 56 PD
23 57 D
23 58 P
23 59 P
23 60 P
23 61 D
23 62 P
23 63 D
23 64
23 65 P
23 66 P
23 67
23 68 P
23 69 D
23 70 PD
23 71 D
23 72 P
23 73 PD
23 74
23 75 PD
23 76 D
23 77 P
23 78 PD
23 79
24 0 PD
24 1 D
24 2 PD
24 3
24 4 PD
24 5 D
24 6 D
24 7 P
24 8 P
24 9 PD
24 10 PD
24 11 D
24 12
24 13 P
24 14 D
24 15 PD
24 16 P
24 17 D
24 18 D
24 19 P
24 20 D
24 21 P
24 22
24 23 PD
24 24 P
24 25 P
24 26
24 27
24 28 P
24 29 D
24 30 D
24 31 P
24 32 P
24 33 PD
24 34
24 35
24 36 P
24 37 PD
24 38 D
24 39 P
24 40 P
24 41 PD
24 42 D
24 43
24 44 P
24 45 P
24 46 P
24 47 D
24 48 P
24 49 PD
24 50 D
24 51 PD
24 52
24 53 D
24 54
24 55 PD
24 56 D
24 57
24 58 P
24 59 P
24 60 P
24 61 D
24 62 P
24 63 PD
24 64 D
24 65 D
24 66 D
24 67 D
24 68 PD
24 69
24 70 P
24 71 P
24 72
24 73 P
24 74 P
24 75 P
24 76 P
24 77 P
24 78
24 79 P
25 0 P
25 1 D
25 2 P
25 3 PD
25 4
25 5 PD
25 6
25 7 P
25 8 P
25 9 P
25 10
25 11 PD
25 12 D
25 13 D
25 14
25 15 P
25 16 D
25 17 D
25 18 P
25 19 P
25 20 PD
25 21 D
25 22 D
25 23
25 24 P
25 25 P
25 26 D
25 27 PD
25 28 D
25 29 PD
25 30 D
25 31
25 32 P
25 33 P
25 34 PD
25 35 D
25 36 P
25 37
25 38 P
25 39 P
25 40 P
25 41 P
25 42 P
25 43 PD
25 44
25 45 P
25 46 PD
25 47 P
25 48 P
25 49
25 50 P
25 51 D
25 52 PD
25 53 D
25 54 D
25 55
25 56 D
25 57 P
25 58 P
25 59
25 60 PD
25 61 P
25 62
25 63 P
25 64 D
25 65 PD
25 66 PD
25 67
25 68 P
25 69 D
25 70 P
25 71 PD
25 72 PD
25 73
25 74 P
25 75
25 76 P
25 77 D
25 78 D
25 79 P
26 0 PD
26 1
26 2 P
26 3 D
26 4
26 5 P
26 6 PD
26 7 D
26 8
26 9 P
26 10 D
26 11 P
26 12 P
26 13 D
26 14 D
26 15 D
26 16 D
26 17 P
26 18
26 19
26 20 P
26 21 D
26 22 D
26 23 P
26 24
26 25 PD
26 26 D
26 27
26 28 P
26 29 P
26 30 D
26 31 D
26 32 P
26 33 D
26 34 P
26 35 P
26 36 D
26 37 D
26 38 P
26 39 D
26 40 P
26 41 P
26 42 P
26 43 D
26 44 P
26 45 P
26 46 P
26 47
26 48 PD
26 49 D
26 50 D
26 51
26 52 PD
26 53 D
26 54 PD
26 55 D
26 56 P
26 57 D
26 58 PD
26 59
26 60 P
26 61 PD
26 62 D
26 63 D
26 64 P
26 65 P
26 66
26 67 D
26 68 D
26 69 P
26 70 P
26 71 P
26 72 P
26 73 D
26 74 D
26 75 PD
26 76 D
26 77 D
26 78 PD
26 79
27 0 P
27 1 PD
27 2 D
27 3 D
27 4 D
27 5 P
27 6 P
27 7 D
27 8 D
27 9 PD
27 10 P
27 11 P
27 12 D
27 13 PD
27 14 D
27 15 D
27 16 P
27 17 PD
27 18 D
27 19 D
27 20 D
27 21 D
27 22 P
27 23 PD
27 24 D
27 25
27 26 PD
27 27 D
27 28 P
27 29 D
27 30 D
27 31
27 32 D
27 33 P
27 34
27 35 PD
27 36 D
27 37 P
27 38 D
27 39 P
27 40
27 41 P
27 42 D
27 43 P
27 44 P
27 45 P
27 46 P
27 47 D
27 48 P
27 49 D
27 50 PD
27 51 D
27 52
27 53 P
27 54
27 55 P
27 56 P
27 57 P
27 58 P
27 59 PD
27 60
27 61 P
27 62 PD
27 63
27 64 P
27 65 D
27 66 PD
27 67 D
27 68 P
27 69
27 70 P
27 71 P
27 72 D
27 73 D
27 74 P
27 75
27 76 D
27 77 P
27 78 P
27 79 D
28 0 P
28 1 P
28 2 PD
28 3 D
28 4 P
28 5 P
28 6 D
28 7 P
28 8 P
28 9 P
28 10
28 11 PD
28 12
28 13 D
28 14
28 15 P
28 16 P
28 17 P
28 18 PD
28 19 D
28 20 P
28 21 D
28 22 P
28 23 D
28 24 P
28 25 P
28 26 P
28 27 P
28 28 PD
28 29 D
28 30 D
28 31 D
28 32 D
28 33 P
28 34 D
28 35 P
28 36 P
28 37 PD
28 38
28 39 P
28 40 D
28 41 P
28 42 PD
28 43
28 44 P
28 45 P
28 46 PD
28 47 P
28 48 PD
28 49
28 50 P
28 51 PD
28 52 D
28 53 D
28 54 D
28 55 P
28 56 D
28 57 P
28 58 P
28 59 P
28 60 P
28 61 P
28 62 P
28 63 D
28 64 P
28 65 P
28 66
28 67 P
28 68 PD
28 69 D
28 70 P
28 71 P
28 72 P
28 73 P
28 74 PD
28 75 D
28 76 D
28 77
28 78 D
28 79 P
29 0 P
29 1
29 2 P
29 3 P
29 4 P
29 5 D
29 6 P
29 7 P
29 8 P
29 9 P
29 10 D
29 11 D
29 12 D
29 13 PD
29 14 D
29 15
29 16 P
29 17 P
29 18 P
29 19 P
29 20 D
29 21 P
29 22 D
29 23
29 24
29 25 PD
29 26
29 27 P
29 28
29 29 PD
29 30 D
29 31 D
29 32
29 33 PD
29 34
29 35
29 36 P
29 37 P
29 38 PD
29 39 D
29 40
29 41 P
29 42 P
29 43 PD
29 44 D
29 45
29 46 P
29 47
29 48 P
29 49 D
29 50
29 51 P
29 52 PD
29 53 P
29 54 P
29 55 PD
29 56
29 57 P
29 58
29 59
29 60 P
29 61 P
29 62 PD
29 63
29 64 D
29 65 D
29 66 D
29 67
29 68 P
29 69 P
29 70 P
29 71 D
29 72 P
29 73 P
29 74 P
29 75 D
29 76 PD
29 77 D
29 78 D
29 79
30 0 P
30 1 D
30 2 P
30 3 D
30 4 P
30 5 D
30 6 P
30 7 P
30 8 P
30 9 D
30 10 D
30 11 PD
30 12 P
30 13 D
30 14 P
30 15 PD
30 16
30 17 P
30 18
30 19 P
30 20 PD
30 21 D
30 22 PD
30 23 D
30 24 D
30 25 P
30 26 PD
30 27 D
30 28 D
30 29 P
30 30 D
30 31 PD
30 32 D
30 33 P
30 34 PD
30 35 D
30 36 P
30 37 P
30 38 P
30 39 D
30 40 PD
30 41 D
30 42 P
30 43 D
30 44 P
30 45 P
30 46 P
30 47 PD
30 48 D
30 49 D
30 50 D
30 51 P
30 52
30 53 P
30 54 P
30 55 P
30 56 PD
30 57 D
30 58 D
30 59 PD
30 60
30 61 P
30 62 D
30 63 PD
30 64 D
30 65 PD
30 66 D
30 67 D
30 68
30 69 PD
30 70 D
30 71
30 72 P
30 73 PD
30 74 D
30 75 P
30 76
30 77 PD
30 78 D
30 79 D
31 0 PD
31 1 P
31 2 P
31 3 P
31 4 D
31 5 P
31 6
31 7 PD
31 8 D
31 9 D
31 10
31 11 P
31 12 D
31 13 P
31 14 D
31 15 P
31 16 PD
31 17 D
31 18 D
31 19
31 20 P
31 21 P
31 22
31 23 PD
31 24 P
31 25
31 26 P
31 27 D
31 28 P
31 29 PD
31 30 P
31 31 P
31 32 P
31 33
31 34 P
31 35 P
31 36 D
31 37
31 38 PD
31 39 P
31 40 P
31 41 P
31 42 D
31 43
31 44 P
31 45 P
31 46 P
31 47 D
31 48 P
31 49 D
31 50 PD
31 51
31 52 PD
31 53
31 54 P
31 55 P
31 56 P
31 57 PD
31 58 P
31 59 D
31 60 D
31 61 D
31 62
31 63 P
31 64 D
31 65
31 66 D
31 67 P
31 68 D
31 69 P
31 70 D
31 71 D
31 72 P
31 73 P
31 74 P
31 75 D
31 76 D
31 77 P
31 78 PD
31 79 P
32 0 P
32 1 P
32 2 P
32 3 P
32 4 P
32 5 D
32 6 PD
32 7
32 8 PD
32 9 D
32 10 D
32 11 D
32 12
32 13 PD
32 14
32 15 P
32 16
32 17 D
32 18 D
32 19 PD
32 20
32 21 PD
32 22 D
32 23
32 24 D
32 25 D
32 26 D
32 27
32 28 P
32 29
32 30 P
32 31 D
32 32 D
32 33 D
32 34
32 35 PD
32 36 D
32 37 D
32 38
32 39 P
32 40
32 41 PD
32 42 D
32 43 PD
32 44
32 45 P
32 46 D
32 47 P
32 48 D
32 49 P
32 50
32 51 D
32 52 P
32 53 PD
32 54
32 55 P
32 56 P
32 57 P
32 58 D
32 59 D
32 60 D
32 61 D
32 62 D
32 63 D
32 64 D
32 65 D
32 66 D
32 67 D
32 68
32 69 D
32 70 D
32 71 P
32 72 P
32 73 P
32 74 D
32 75 D
32 76 P
32 77
32 78
32 79 P
33 0 P
33 1 P
33 2 D
33 3
33 4 PD
33 5 P
33 6 D
33 7 P
33 8 P
33 9 D
33 10 P
33 11 P
33 12 PD
33 13
33 14 PD
33 15 D
33 16 D
33 17 D
33 18 D
33 19
33 20 PD
33 21 D
33 22 D
33 23 D
33 24 P
33 25 D
33 26 D
33 27 PD
33 28 D
33 29 D
33 30 D
33 31 D
33 32 D
33 33 D
33 34 PD
33 35
33 36 PD
33 37 P
33 38 PD
33 39 D
33 40 PD
33 41
33 42 P
33 43 P
33 44 D
33 45 PD
33 46
33 47 PD
33 48
33 49 D
33 50 D
33 51 P
33 52 P
33 53 P
33 54 D
33 55 P
33 56 P
33 57 D
33 58 P
33 59 D
33 60 D
33 61 PD
33 62 D
33 63 D
33 64 PD
33 65
33 66 PD
33 67 D
33 68 D
33 69 D
33 70 D
33 71 P
33 72 P
33 73 D
33 74
33 75 PD
33 76 D
33 77 D
33 78 D
33 79
34 0 P
34 1 D
34 2 PD
34 3 PD
34 4
34 5 PD
34 6
34 7 P
34 8 PD
34 9 D
34 10 P
34 11 D
34 12
34 13 D
34 14 P
34 15 P
34 16 PD
34 17 D
34 18 D
34 19 D
34 20
34 21 PD
34 22 D
34 23 P
34 24 D
34 25 D
34 26
34 27 P
34 28 D
34 29 D
34 30 PD
34 31 D
34 32 D
34 33 P
34 34 P
34 35 PD
34 36
34 37 P
34 38
34 39 P
34 40 P
34 41 P
34 42 PD
34 43 D
34 44 P
34 45 P
34 46 D
34 47 D
34 48 D
34 49 PD
34 50
34 51 D
34 52 P
34 53 PD
34 54 P
34 55 P
34 56 D
34 57
34 58 P
34 59 D
34 60 P
34 61
34 62 PD
34 63 P
34 64 D
34 65 P
34 66 P
34 67 PD
34 68 D
34 69 D
34 70 P
34 71 P
34 72 D
34 73 PD
34 74 D
34 75 P
34 76 PD
34 77 D
34 78 D
34 79 P
35 0 P
35 1 P
35 2 P
35 3
35 4 P
35 5 P
35 6 PD
35 7
35 8
35 9 P
35 10 P
35 11 PD
35 12 D
35 13 P
35 14 D
35 15 P
35 16 D
35 17 D
35 18 D
35 19 D
35 20 P
35 21
35 22 P
35 23 P
35 24 PD
35 25 D
35 26 P
35 27 PD
35 28 D
35 29 P
35 30 P
35 31 P
35 32 PD
35 33
35 34 P
35 35 PD
35 36
35 37 PD
35 38 D
35 39 P
35 40
35 41 P
35 42
35 43 P
35 44
35 45 PD
35 46 D
35 47 D
35 48 P
35 49 D
35 50 PD
35 51
35 52 P
35 53 P
35 54 P
35 55 D
35 56 PD
35 57 D
35 58 D
35 59 P
35 60 D
35 61 D
35 62 P
35 63 D
35 64 P
35 65 D
35 66 P
35 67 D
35 68
35 69 PD
35 70
35 71 D
35 72 P
35 73 P
35 74 P
35 75
35 76 P
35 77 P
35 78 P
35 79 P
36 0 P
36 1 P
36 2 P
36 3 PD
36 4
36 5 P
36 6 D
36 7 PD
36 8 D
36 9
36 10 PD
36 11
36 12 P
36 13 D
36 14 P
36 15 D
36 16 D
36 17 P
36 18 D
36 19 P
36 20 P
36 21 D
36 22 P
36 23 PD
36 24
36 25 P
36 26 P
36 27
36 28 PD
36 29
36 30 PD
36 31
36 32 P
36 33 D
36 34 P
36 35
36 36 P
36 37 P
36 38 PD
36 39 D
36 40 P
36 41 PD
36 42 D
36 43 D
36 44 D
36 45
36 46 PD
36 47 D
36 48 P
36 49 P
36 50 D
36 51 P
36 52
36 53 P
36 54 D
36 55 P
36 56 P
36 57 PD
36 58
36 59 D
36 60 PD
36 61
36 62 P
36 63 P
36 64 PD
36 65 P
36 66 P
36 67 PD
36 68 D
36 69
36 70 PD
36 71 D
36 72 P
36 73 P
36 74 PD
36 75 D
36 76 D
36 77 P
36 78 D
36 79
37 0 P
37 1 P
37 2 D
37 3
37 4 P
37 5 D
37 6 P
37 7 P
37 8 D
37 9 D
37 10
37 11 D
37 12 D
37 13 P
37 14 PD
37 15 D
37 16 P
37 17 D
37 18 PD
37 19
37 20 PD
37 21
37 22 P
37 23 P
37 24 PD
37 25 P
37 26 D
37 27 D
37 28
37 29 PD
37 30
37 31 P
37 32 PD
37 33 P
37 34 D
37 35 D
37 36
37 37
37 38 P
37 39 P
37 40 P
37 41 P
37 42 P
37 43 PD
37 44 D
37 45 D
37 46 P
37 47 P
37 48 D
37 49 D
37 50 P
37 51 D
37 52 D
37 53 P
37 54 P
37 55 P
37 56 P
37 57 P
37 58 PD
37 59
37 60 P
37 61 D
37 62 P
37 63 P
37 64
37 65 P
37 66
37 67 P
37 68 PD
37 69
37 70 P
37 71 P
37 72
37 73 P
37 74
37 75 D
37 76 P
37 77 P
37 78 D
37 79 PD
38 0 P
38 1 PD
38 2 D
38 3 PD
38 4 D
38 5 D
38 6
38 7 P
38 8 PD
38 9 D
38 10 D
38 11 D
38 12 PD
38 13
38 14 P
38 15 D
38 16 D
38 17
38 18 P
38 19 D
38 20 PD
38 21 D
38 22 P
38 23
38 24
38 25 D
38 26 D
38 27 D
38 28 D
38 29 P
38 30 PD
38 31
38 32 P
38 33 D
38 34 D
38 35 D
38 36 D
38 37 PD
38 38
38 39 P
38 40 P
38 41 PD
38 42
38 43 P
38 44 PD
38 45 P
38 46 P
38 47 PD
38 48 PD
38 49
38 50 P
38 51 PD
38 52
38 53 P
38 54 D
38 55
38 56 PD
38 57
38 58 PD
38 59 D
38 60 D
38 61
38 62
38 63 PD
38 64 D
38 65 P
38 66 D
38 67 P
38 68 D
38 69 P
38 70 P
38 71 D
38 72 D
38 73 D
38 74 PD
38 75
38 76 P
38 77 PD
38 78
38 79 P
39 0 P
39 1
39 2 P
39 3 P
39 4 D
39 5 D
39 6 PD
39 7
39 8 P
39 9 D
39 10 PD
39 11 P
39 12
39 13 PD
39 14
39 15 PD
39 16 D
39 17 D
39 18 D
39 19
39 20 P
39 21 P
39 22 PD
39 23 D
39 24 PD
39 25 D
39 26 D
39 27 PD
39 28
39 29 P
39 30 D
39 31 P
39 32 D
39 33
39 34 PD
39 35 D
39 36 D
39 37
39 38 PD
39 39 P
39 40 P
39 41
39 42 P
39 43 P
39 44 P
39 45
39 46 P
39 47 P
39 48 P
39 49 D
39 50 D
39 51
39 52 PD
39 53 P
39 54 D
39 55 D
39 56 P
39 57 D
39 58
39 59 D
39 60 PD
39 61 D
39 62 D
39 63 P
39 64 P
39 65 D
39 66 PD
39 67 D
39 68
39 69 P
39 70 PD
39 71 D
39 72 D
39 73 P
39 74 D
39 75 D
39 76 P
39 77 P
39 78 D
39 79
40 0 PD
40 1 D
40 2 P
40 3 D
40 4 PD
40 5 P
40 6 D
40 7 D
40 8 P
40 9 P
40 10 P
40 11 D
40 12 D
40 13 P
40 14 D
40 15 D
40 16 PD
40 17 D
40 18 P
40 19 D
40 20 P
40 21 P
40 22 P
40 23 P
40 24 P
40 25 PD
40 26 P
40 27
40 28 PD
40 29 D
40 30 P
40 31 PD
40 32 D
40 33
40 34 P
40 35 PD
40 36 D
40 37 D
40 38
40 39
40 40 PD
40 41 D
40 42
40 43 P
40 44 P
40 45 PD
40 46
40 47 P
40 48 D
40 49 D
40 50 D
40 51 D
40 52
40 53 D
40 54 D
40 55 P
40 56 D
40 57 P
40 58 PD
40 59 D
40 60 P
40 61 PD
40 62 P
40 63 P
40 64 D
40 65 P
40 66
40 67 PD
40 68 D
40 69 PD
40 70
40 71 P
40 72 D
40 73 D
40 74 PD
40 75
40 76 P
40 77 D
40 78 D
40 79 D
41 0 P
41 1 P
41 2
41 3 P
41 4 P
41 5 D
41 6 PD
41 7 P
41 8 D
41 9
41 10 P
41 11 PD
41 12
41 13 PD
41 14 D
41 15
41 16 P
41 17 P
41 18 D
41 19
41 20 P
41 21 P
41 22
41 23 P
41 24 P
41 25
41 26 D
41 27 D
41 28 P
41 29 P
41 30
41 31 PD
41 32 D
41 33 D
41 34
41 35 P
41 36 PD
41 37 D
41 38 PD
41 39 D
41 40 D
41 41 D
41 42 P
41 43 P
41 44 P
41 45
41 46 PD
41 47
41 48 D
41 49 D
41 50 PD
41 51 P
41 52 D
41 53 PD
41 54 D
41 55 D
41 56
41 57 D
41 58
41 59 P
41 60
41 61 P
41 62
41 63 D
41 64
41 65 PD
41 66 D
41 67
41 68 P
41 69
41 70 PD
41 71 D
41 72 D
41 73 P
41 74 P
41 75 PD
41 76 D
41 77 P
41 78 PD
41 79
42 0 P
42 1 PD
42 2 D
42 3 P
42 4
42 5 P
42 6 P
42 7 D
42 8 D
42 9 D
42 10 P
42 11 PD
42 12 D
42 13
42 14 PD
42 15 D
42 16
42 17 D
42 18 PD
42 19 D
42 20
42 21 PD
42 22 D
42 23
42 24 PD
42 25 PD
42 26 D
42 27
42 28 P
42 29 PD
42 30 D
42 31 P
42 32 PD
42 33 D
42 34 PD
42 35
42 36 P
42 37 P
42 38 D
42 39
42 40 PD
42 41
42 42 D
42 43
42 44 P
42 45 PD
42 46 D
42 47 PD
42 48 D
42 49
42 50 P
42 51 D
42 52 P
42 53
42 54 PD
42 55 PD
42 56 D
42 57 P
42 58 PD
42 59 D
42 60 D
42 61 D
42 62 PD
42 63 D
42 64
42 65 P
42 66 PD
42 67 D
42 68 D
42 69 PD
42 70
42 71 D
42 72 D
42 73 P
42 74 P
42 75
42 76 P
42 77 D
42 78
42 79 P
43 0 P
43 1 P
43 2 P
43 3 D
43 4 D
43 5
43 6 P
43 7 PD
43 8 D
43 9 P
43 10
43 11 P
43 12 D
43 13 D
43 14 P
43 15 PD
43 16 D
43 17 P
43 18
43 19 D
43 20 PD
43 21
43 22 PD
43 23 PD
43 24
43 25 P
43 26 D
43 27 PD
43 28
43 29 P
43 30 P
43 31 P
43 32 D
43 33 P
43 34
43 35 D
43 36 P
43 37 D
43 38 PD
43 39 D
43 40 PD
43 41 D
43 42 PD
43 43 D
43 44 D
43 45
43 46 P
43 47 P
43 48 PD
43 49 D
43 50
43 51 P
43 52 PD
43 53 D
43 54
43 55 P
43 56 P
43 57 D
43 58
43 59 PD
43 60 PD
43 61
43 62 PD
43 63 D
43 64 D
43 65 P
43 66 P
43 67 D
43 68 P
43 69 P
43 70 PD
43 71 PD
43 72
43 73 P
43 74 PD
43 75 D
43 76 PD
43 77 D
43 78 D
43 79
44 0 P
44 1 PD
44 2 D
44 3 D
44 4 P
44 5 PD
44 6
44 7 P
44 8 P
44 9
44 10 PD
44 11 D
44 12 D
44 13 P
44 14 D
44 15 P
44 16 P
44 17 D
44 18 PD
44 19 D
44 20 P
44 21 PD
44 22
44 23 P
44 24 P
44 25 D
44 26 P
44 27
44 28 P
44 29 P
44 30 P
44 31 P
44 32 P
44 33 D
44 34 D
44 35 P
44 36 D
44 37 P
44 38
44 39 P
44 40
44 41 P
44 42
44 43 D
44 44 D
44 45 PD
44 46
44 47 P
44 48
44 49 PD
44 50 PD
44 51
44 52 P
44 53 PD
44 54
44 55 P
44 56 D
44 57 D
44 58 D
44 59
44 60 P
44 61 D
44 62
44 63 PD
44 64 P
44 65 P
44 66 PD
44 67 P
44 68 P
44 69 P
44 70 P
44 71 P
44 72 P
44 73 P
44 74 P
44 75 P
44 76
44 77 PD
44 78 D
44 79 D
45 0 P
45 1
45 2 PD
45 3 P
45 4 P
45 5
45 6 PD
45 7
45 8 PD
45 9 D
45 10 P
45 11 D
45 12 P
45 13 D
45 14
45 15 P
45 16 PD
45 17 P
45 18
45 19 P
45 20 P
45 21 D
45 22 P
45 23
45 24 P
45 25 D
45 26
45 27 PD
45 28 D
45 29
45 30 P
45 31 P
45 32 D
45 33 PD
45 34 P
45 35 PD
45 36
45 37 D
45 38 D
45 39 D
45 40 D
45 41 D
45 42 D
45 43 PD
45 44 D
45 45
45 46 PD
45 47 D
45 48 PD
45 49
45 50 P
45 51 PD
45 52
45 53 P
45 54 P
45 55 D
45 56 D
45 57 PD
45 58 D
45 59 P
45 60 D
45 61 D
45 62 PD
45 63
45 64 P
45 65 P
45 66 P
45 67
45 68 P
45 69
45 70 P
45 71 P
45 72 PD
45 73
45 74 P
45 75 PD
45 76 D
45 77 D
45 78 D
45 79
46 0 P
46 1 D
46 2
46 3 P
46 4 D
46 5 PD
46 6
46 7 PD
46 8
46 9 P
46 10 PD
46 11
46 12 PD
46 13 D
46 14 D
46 15 P
46 16 P
46 17 D
46 18 D
46 19 P
46 20 D
46 21 P
46 22 D
46 23 P
46 24 PD
46 25 D
46 26 D
46 27
46 28 PD
46 29 D
46 30
46 31 D
46 32 P
46 33
46 34 P
46 35 D
46 36 D
46 37 PD
46 38 D
46 39 D
46 40 D
46 41 D
46 42 P
46 43
46 44 PD
46 45 D
46 46
46 47 P
46 48 P
46 49 P
46 50 P
46 51 D
46 52 D
46 53 P
46 54 D
46 55 PD
46 56
46 57
46 58 PD
46 59 D
46 60 D
46 61 P
46 62 PD
46 63
46 64 P
46 65 P
46 66 P
46 67 PD
46 68 D
46 69 P
46 70
46 71 P
46 72 P
46 73 D
46 74 P
46 75 PD
46 76
46 77 P
46 78 PD
46 79 D
47 0 PD
47 1 D
47 2 PD
47 3 D
47 4
47 5 PD
47 6 D
47 7 P
47 8 D
47 9 P
47 10
47 11 PD
47 12
47 13 P
47 14 P
47 15
47 16 P
47 17 P
47 18 P
47 19 D
47 20 P
47 21 D
47 22
47 23 PD
47 24
47 25 PD
47 26 D
47 27
47 28 PD
47 29 D
47 30 PD
47 31 P
47 32 D
47 33 D
47 34 D
47 35 PD
47 36
47 37 P
47 38 D
47 39 D
47 40 D
47 41 PD
47 42
47 43 PD
47 44
47 45 PD
47 46 PD
47 47
47 48 P
47 49 D
47 50 D
47 51 D
47 52 P
47 53 P
47 54 P
47 55 PD
47 56 D
47 57 D
47 58 P
47 59 PD
47 60 P
47 61 P
47 62
47 63 P
47 64 P
47 65
47 66 PD
47 67
47 68 P
47 69 D
47 70 PD
47 71
47 72 D
47 73 P
47 74
47 75 P
47 76 PD
47 77
47 78 P
47 79 P
48 0 P
48 1 P
48 2
48 3 PD
48 4
48 5 P
48 6 P
48 7 D
48 8 P
48 9 PD
48 10 D
48 11 P
48 12 PD
48 13 P
48 14 D
48 15 D
48 16 D
48 17 P
48 18 PD
48 19 D
48 20 D
48 21 PD
48 22 PD
48 23
48 24 PD
48 25
48 26 PD
48 27 D
48 28
48 29 P
48 30 P
48 31 D
48 32 D
48 33 D
48 34
48 35 P
48 36 D
48 37 D
48 38 P
48 39 D
48 40 P
48 41
48 42 PD
48 43 P
48 44 D
48 45
48 46 P
48 47 D
48 48 P
48 49 PD
48 50 D
48 51 P
48 52
48 53 D
48 54
48 55 P
48 56 D
48 57 P
48 58
48 59 P
48 60 P
48 61 D
48 62 D
48 63
48 64 PD
48 65 D
48 66 P
48 67 D
48 68 D
48 69 P
48 70
48 71 PD
48 72 P
48 73 PD
48 74 D
48 75 P
48 76 D
48 77 D
48 78
48 79 P
49 0 P
49 1 D
49 2 D
49 3 D
49 4 PD
49 5
49 6 P
49 7 P
49 8 P
49 9 D
49 10 P
49 11
49 12
49 13 PD
49 14 D
49 15 P
49 16 P
49 17 P
49 18
49 19 P
49 20 P
49 21 P
49 22
49 23 P
49 24 D
49 25 PD
49 26
49 27 PD
49 28 D
49 29 P
49 30 P
49 31 D
49 32 D
49 33 PD
49 34 D
49 35 P
49 36 PD
49 37 P
49 38 D
49 39 D
49 40 P
49 41 PD
49 42
49 43 D
49 44 PD
49 45
49 46 PD
49 47 P
49 48 PD
49 49
49 50 P
49 51 D
49 52 D
49 53 D
49 54 D
49 55 D
49 56 P
49 57 PD
49 58 D
49 59 P
49 60 PD
49 61 D
49 62 D
49 63 D
49 64 D
49 65
49 66 P
49 67 PD
49 68
49 69 PD
49 70 D
49 71
49 72 P
49 73 D
49 74 P
49 75
49 76 PD
49 77 D
49 78 PD
49 79
50 0 PD
50 1 D
50 2 D
50 3
50 4 P
50 5 D
50 6 P
50 7 D
50 8 D
50 9 P
50 10 D
50 11 PD
50 12
50 13 P
50 14 P
50 15 D
50 16 P
50 17 P
50 18 PD
50 19
50 20 P
50 21 D
50 22 D
50 23 D
50 24
50 25 P
50 26 D
50 27 D
50 28
50 29 P
50 30 D
50 31 D
50 32 P
50 33 P
50 34 P
50 35
50 36 P
50 37 D
50 38 PD
50 39 P
50 40 P
50 41
50 42 PD
50 43
50 44 P
50 45 PD
50 46
50 47 P
50 48
50 49 PD
50 50 D
50 51 PD
50 52 D
50 53 D
50 54 PD
50 55
50 56 P
50 57
50 58 P
50 59 P
50 60 P
50 61 D
50 62 PD
50 63
50 64 PD
50 65 P
50 66 P
50 67 P
50 68 PD
50 69 D
50 70 P
50 71 D
50 72 D
50 73 P
50 74 P
50 75 D
50 76 D
50 77
50 78 P
50 79 P
51 0 P
51 1 PD
51 2
51 3 PD
51 4 D
51 5
51 6 D
51 7 P
51 8 D
51 9 D
51 10 P
51 11 D
51 12 PD
51 13
51 14 PD
51 15 P
51 16
51 17 P
51 18 P
51 19 D
51 20 D
51 21 D
51 22 D
51 23 PD
51 24
51 25 D
51 26 PD
51 27 D
51 28
51 29 PD
51 30 D
51 31
51 32 P
51 33 P
51 34 D
51 35 D
51 36
51 37 P
51 38
51 39 P
51 40 D
51 41 PD
51 42
51 43 D
51 44 P
51 45 P
51 46 D
51 47 D
51 48 D
51 49
51 50 P
51 51 D
51 52 D
51 53 P
51 54 P
51 55 PD
51 56 D
51 57 D
51 58 P
51 59 P
51 60 D
51 61 P
51 62 P
51 63 PD
51 64
51 65 P
51 66 D
51 67 P
51 68 P
51 69 P
51 70 D
51 71 D
51 72 P
51 73 P
51 74 PD
51 75 D
51 76 D
51 77 P
51 78 P
51 79 D
52 0 P
52 1 PD
52 2 D
52 3
52 4 D
52 5 PD
52 6 D
52 7 D
52 8 P
52 9 P
52 10 D
52 11 P
52 12 P
52 13 PD
52 14
52 15 PD
52 16 D
52 17
52 18 PD
52 19 PD
52 20 D
52 21 D
52 22
52 23 PD
52 24 D
52 25 D
52 26 P
52 27 D
52 28 PD
52 29 P
52 30 PD
52 31 D
52 32 P
52 33 D
52 34 P
52 35 PD
52 36 D
52 37 D
52 38 D
52 39 D
52 40 P
52 41 P
52 42 PD
52 43 D
52 44 P
52 45 P
52 46 PD
52 47 D
52 48 P
52 49 D
52 50 PD
52 51 D
52 52 P
52 53
52 54 P
52 55 P
52 56 P
52 57 D
52 58 P
52 59 P
52 60 P
52 61 P
52 62 P
52 63 P
52 64 P
52 65 D
52 66
52 67 P
52 68 P
52 69 PD
52 70 D
52 71 P
52 72 P
52 73 P
52 74 P
52 75 D
52 76 P
52 77 D
52 78 P
52 79 P
53 0 P
53 1 P
53 2 D
53 3 D
53 4 PD
53 5
53 6 PD
53 7 P
53 8 D
53 9
53 10 P
53 11 P
53 12
53 13 P
53 14 D
53 15
53 16 PD
53 17 D
53 18
53 19 P
53 20 D
53 21 D
53 22 P
53 23 P
53 24 D
53 25 P
53 26 D
53 27
53 28
53 29 P
53 30 P
53 31 D
53 32 D
53 33
53 34 D
53 35
53 36 PD
53 37 D
53 38 D
53 39 P
53 40 P
53 41 P
53 42 P
53 43 P
53 44
53 45 P
53 46
53 47 PD
53 48 D
53 49 P
53 50 PD
53 51
53 52 D
53 53 P
53 54 P
53 55
53 56 PD
53 57 P
53 58
53 59 P
53 60 PD
53 61
53 62 P
53 63 D
53 64 P
53 65 D
53 66 D
53 67 P
53 68
53 69
53 70 PD
53 71
53 72 P
53 73 P
53 74 P
53 75 P
53 76 PD
53 77
53 78 PD
53 79
54 0 P
54 1
54 2 PD
54 3 D
54 4 P
54 5 D
54 6 P
54 7 D
54 8 D
54 9 D
54 10 P
54 11 PD
54 12 D
54 13 D
54 14 D
54 15 P
54 16 D
54 17 D
54 18
54 19 D
54 20 D
54 21 P
54 22 D
54 23 D
54 24
54 25 D
54 26 PD
54 27 D
54 28 PD
54 29
54 30 P
54 31 PD
54 32 D
54 33 PD
54 34 D
54 35 D
54 36
54 37 D
54 38 PD
54 39
54 40 P
54 41 D
54 42 P
54 43 D
54 44 D
54 45 D
54 46 D
54 47 P
54 48 P
54 49 P
54 50 P
54 51 D
54 52 D
54 53
54 54 D
54 55 PD
54 56
54 57 D
54 58 D
54 59
54 60
54 61 D
54 62 D
54 63 P
54 64 PD
54 65 D
54 66 P
54 67 P
54 68 PD
54 69 D
54 70
54 71 PD
54 72
54 73
54 74 P
54 75 P
54 76 D
54 77 P
54 78
54 79 P
55 0 P
55 1 PD
55 2
55 3 P
55 4 D
55 5
55 6 P
55 7 D
55 8 D
55 9 D
55 10
55 11 PD
55 12 D
55 13 P
55 14 P
55 15 PD
55 16 D
55 17 D
55 18 PD
55 19 D
55 20
55 21 PD
55 22 D
55 23 D
55 24 PD
55 25 D
55 26
55 27 P
55 28 P
55 29 D
55 30 D
55 31
55 32 P
55 33 P
55 34 PD
55 35 D
55 36 D
55 37 P
55 38 P
55 39 PD
55 40
55 41 P
55 42 D
55 43 PD
55 44 D
55 45 D
55 46 P
55 47
55 48 P
55 49 P
55 50 P
55 51 D
55 52 D
55 53 D
55 54 PD
55 55
55 56 D
55 57 D
55 58 PD
55 59 D
55 60 D
55 61 D
55 62 D
55 63
55 64 P
55 65 P
55 66 P
55 67 PD
55 68
55 69 PD
55 70 D
55 71
55 72 PD
55 73 D
55 74 D
55 75 D
55 76 P
55 77 D
55 78 PD
55 79 P
56 0 PD
56 1
56 2 PD
56 3 D
56 4
56 5 PD
56 6 D
56 7 D
56 8 D
56 9 P
56 10 D
56 11
56 12 P
56 13 P
56 14 P
56 15 P
56 16 PD
56 17 P
56 18 D
56 19 D
56 20 P
56 21 P
56 22 D
56 23 P
56 24
56 25 PD
56 26 D
56 27 P
56 28 D
56 29 P
56 30 PD
56 31 D
56 32 P
56 33 P
56 34 PD
56 35 D
56 36
56 37 P
56 38
56 39 P
56 40 D
56 41 P
56 42 P
56 43 P
56 44 D
56 45 D
56 46 D
56 47 PD
56 48
56 49 P
56 50 PD
56 51 P
56 52 PD
56 53 D
56 54
56 55 D
56 56 PD
56 57 D
56 58
56 59 PD
56 60 PD
56 61 D
56 62 D
56 63 PD
56 64
56 65 D
56 66 P
56 67
56 68 PD
56 69
56 70 PD
56 71 D
56 72 D
56 73 D
56 74
56 75 P
56 76 PD
56 77
56 78 P
56 79
57 0 P
57 1 PD
57 2 P
57 3 D
57 4 D
57 5 P
57 6 PD
57 7 D
57 8 P
57 9 D
57 10 D
57 11 D
57 12 P
57 13
57 14 P
57 15
57 16 P
57 17 PD
57 18 D
57 19 P
57 20 P
57 21 D
57 22 P
57 23 PD
57 24 D
57 25
57 26 D
57 27 D
57 28 P
57 29 D
57 30
57 31 P
57 32
57 33 P
57 34 P
57 35 D
57 36 D
57 37 D
57 38 PD
57 39 D
57 40
57 41 P
57 42 P
57 43 PD
57 44 D
57 45
57 46 P
57 47 P
57 48 PD
57 49
57 50 P
57 51
57 52 P
57 53 D
57 54 D
57 55 PD
57 56
57 57 PD
57 58
57 59 P
57 60
57 61 P
57 62 D
57 63
57 64 D
57 65 P
57 66 D
57 67 D
57 68 P
57 69 D
57 70 P
57 71 PD
57 72
57 73 PD
57 74 D
57 75 P
57 76
57 77 PD
57 78 D
57 79 P
58 0 P
58 1 P
58 2 D
58 3 D
58 4 P
58 5 P
58 6 P
58 7 PD
58 8 D
58 9 D
58 10 D
58 11 P
58 12 D
58 13 D
58 14 PD
58 15 D
58 16
58 17 P
58 18 P
58 19
58 20 PD
58 21 D
58 22
58 23 P
58 24 PD
58 25 D
58 26 P
58 27 D
58 28 D
58 29 D
58 30 D
58 31 PD
58 32 D
58 33
58 34 PD
58 35 D
58 36
58 37 P
58 38 P
58 39 D
58 40 D
58 41 P
58 42 P
58 43
58 44 PD
58 45
58 46 PD
58 47
58 48 P
58 49 D
58 50 D
58 51 P
58 52 P
58 53 PD
58 54 D
58 55
58 56 PD
58 57 D
58 58 D
58 59 P
58 60 PD
58 61 D
58 62 PD
58 63 D
58 64 D
58 65 P
58 66 D
58 67 P
58 68 PD
58 69
58 70 P
58 71 P
58 72 D
58 73 D
58 74 P
58 75 D
58 76 P
58 77 P
58 78 P
58 79 P
59 0 P
59 1 D
59 2 D
59 3 P
59 4
59 5 P
59 6 P
59 7
59 8 P
59 9 D
59 10 P
59 11 PD
59 12 D
59 13
59 14 P
59 15 P
59 16 D
59 17 P
59 18 PD
59 19 D
59 20 P
59 21 D
59 22 PD
59 23 D
59 24
59 25 P
59 26 PD
59 27
59 28 PD
59 29 D
59 30 P
59 31 P
59 32 D
59 33 D
59 34 P
59 35 PD
59 36 D
59 37 P
59 38 PD
59 39 D
59 40 D
59 41
59 42 PD
59 43 D
59 44 P
59 45 D
59 46 P
59 47 D
59 48 D
59 49 PD
59 50
59 51 PD
59 52
59 53 P
59 54 D
59 55 D
59 56
59 57 PD
59 58
59 59 P
59 60 P
59 61 D
59 62 P
59 63 PD
59 64 P
59 65 D
59 66 P
59 67 D
59 68
59 69 PD
59 70 D
59 71 D
59 72 PD
59 73
59 74 P
59 75 P
59 76
59 77 P
59 78 P
59 79 P
60 0 PD
60 1 D
60 2 P
60 3 PD
60 4 D
60 5
60 6 P
60 7 PD
60 8 D
60 9
60 10 P
60 11 P
60 12 P
60 13 PD
60 14 D
60 15 P
60 16 P
60 17 P
60 18 P
60 19 P
60 20
60 21 P
60 22 P
60 23 P
60 24 PD
60 25
60 26
60 27 PD
60 28
60 29 P
60 30 D
60 31 D
60 32 PD
60 33
60 34 P
60 35 P
60 36 D
60 37
60 38 P
60 39 PD
60 40 D
60 41
60 42 P
60 43 P
60 44 D
60 45 D
60 46 D
60 47 D
60 48
60 49 P
60 50 PD
60 51
60 52 D
60 53 D
60 54 D
60 55 D
60 56 PD
60 57
60 58 PD
60 59 P
60 60 PD
60 61
60 62 P
60 63 P
60 64 D
60 65 P
60 66 D
60 67 P
60 68 D
60 69
60 70 PD
60 71 P
60 72 P
60 73 D
60 74 P
60 75 D
60 76 D
60 77 P
60 78 P
60 79 P
61 0 P
61 1 P
61 2 P
61 3 P
61 4 PD
61 5 D
61 6 D
61 7
61 8 PD
61 9 D
61 10 P
61 11 P
61 12 D
61 13
61 14 P
61 15 D
61 16 P
61 17
61 18 P
61 19 D
61 20 D
61 21 P
61 22 P
61 23 P
61 24 D
61 25 D
61 26 D
61 27
61 28 D
61 29 PD
61 30 P
61 31 D
61 32
61 33 D
61 34
61 35 P
61 36 PD
61 37 D
61 38
61 39 PD
61 40 D
61 41 P
61 42 P
61 43 PD
61 44 D
61 45 D
61 46 D
61 47 PD
61 48 D
61 49 P
61 50
61 51 PD
61 52 PD
61 53 D
61 54 D
61 55 PD
61 56
61 57 PD
61 58
61 59 P
61 60
61 61 PD
61 62
61 63 P
61 64 D
61 65 D
61 66 P
61 67 D
61 68 D
61 69 D
61 70 P
61 71
61 72 D
61 73 P
61 74 P
61 75 PD
61 76 D
61 77
61 78 P
61 79 P
62 0 P
62 1 P
62 2 P
62 3 P
62 4 D
62 5 P
62 6 P
62 7 PD
62 8
62 9 P
62 10 P
62 11 D
62 12 PD
62 13 D
62 14 D
62 15 P
62 16 P
62 17 PD
62 18
62 19 PD
62 20 D
62 21 P
62 22 P
62 23 D
62 24 D
62 25 D
62 26 PD
62 27 D
62 28 P
62 29
62 30 D
62 31 PD
62 32 D
62 33 D
62 34 PD
62 35
62 36 D
62 37
62 38 P
62 39 P
62 40 P
62 41 P
62 42 P
62 43 D
62 44 P
62 45 PD
62 46
62 47
62 48 P
62 49 P
62 50 D
62 51
62 52 P
62 53 PD
62 54 P
62 55
62 56 PD
62 57 P
62 58 P
62 59 D
62 60 P
62 61 P
62 62 PD
62 63
62 64 PD
62 65
62 66 D
62 67 D
62 68 D
62 69 P
62 70 PD
62 71 D
62 72 P
62 73
62 74 PD
62 75
62 76 PD
62 77 D
62 78 P
62 79 P
63 0 P
63 1 P
63 2
63 3 PD
63 4 P
63 5 D
63 6 P
63 7 P
63 8 P
63 9 PD
63 10 D
63 11 P
63 12 PD
63 13
63 14 P
63 15 P
63 16 P
63 17 D
63 18 P
63 19 P
63 20 P
63 21
63 22 PD
63 23 PD
63 24 D
63 25
63 26 P
63 27 P
63 28 PD
63 29 D
63 30
63 31 P
63 32 PD
63 33 P
63 34 PD
63 35 D
63 36 D
63 37 D
63 38 D
63 39 P
63 40 P
63 41 PD
63 42 D
63 43
63 44 P
63 45 PD
63 46 D
63 47 D
63 48 D
63 49 PD
63 50 D
63 51
63 52 P
63 53 P
63 54 D
63 55 D
63 56
63 57 P
63 58 D
63 59 P
63 60
63 61 P
63 62 PD
63 63 D
63 64
63 65 PD
63 66 D
63 67 D
63 68 P
63 69 P
63 70
63 71 P
63 72 D
63 73 D
63 74
63 75 PD
63 76
63 77 P
63 78 P
63 79 D
64 0 P
64 1 PD
64 2
64 3
64 4 D
64 5 P
64 6 P
64 7 D
64 8 P
64 9
64 10 P
64 11 P
64 12 P
64 13 PD
64 14 P
64 15 P
64 16 PD
64 17
64 18 D
64 19 P
64 20 D
64 21 PD
64 22
64 23
64 24 D
64 25 D
64 26 P
64 27 P
64 28 D
64 29 D
64 30 P
64 31 P
64 32 P
64 33 P
64 34
64 35 PD
64 36 D
64 37 PD
64 38 P
64 39
64 40 P
64 41
64 42 PD
64 43 D
64 44
64 45
64 46 D
64 47 D
64 48 P
64 49
64 50 PD
64 51 D
64 52 P
64 53 P
64 54 P
64 55 PD
64 56 D
64 57 D
64 58 P
64 59 PD
64 60 PD
64 61
64 62 P
64 63 PD
64 64 D
64 65 P
64 66 D
64 67 P
64 68 P
64 69 PD
64 70 D
64 71 D
64 72 PD
64 73 D
64 74 D
64 75 P
64 76 P
64 77 PD
64 78 D
64 79
65 0 P
65 1 D
65 2 PD
65 3 D
65 4 D
65 5
65 6 P
65 7 P
65 8 D
65 9 P
65 10 P
65 11 P
65 12
65 13 P
65 14 P
65 15 P
65 16 D
65 17 PD
65 18
65 19 D
65 20 P
65 21 P
65 22 PD
65 23 D
65 24 PD
65 25 D
65 26 P
65 27 D
65 28 PD
65 29 P
65 30 P
65 31 P
65 32
65 33 PD
65 34 PD
65 35
65 36 P
65 37
65 38 D
65 39 D
65 40 D
65 41 PD
65 42
65 43 D
65 44 PD
65 45 D
65 46 PD
65 47 D
65 48 D
65 49 P
65 50
65 51 PD
65 52
65 53 P
65 54 PD
65 55
65 56 P
65 57 D
65 58
65 59 P
65 60 P
65 61 PD
65 62
65 63 D
65 64 P
65 65 D
65 66 P
65 67 P
65 68 P
65 69 PD
65 70
65 71 PD
65 72
65 73 P
65 74 PD
65 75
65 76 P
65 77 P
65 78 PD
65 79
66 0 P
66 1 P
66 2
66 3 PD
66 4 D
66 5 D
66 6
66 7 PD
66 8
66 9 P
66 10 P
66 11 PD
66 12 D
66 13
66 14 P
66 15 D
66 16 P
66 17 D
66 18 D
66 19 P
66 20
66 21 P
66 22
66 23 PD
66 24
66 25 P
66 26 D
66 27 P
66 28 P
66 29 P
66 30 D
66 31 D
66 32
66 33 P
66 34
66 35 P
66 36 D
66 37 PD
66 38 D
66 39 D
66 40 P
66 41 D
66 42 PD
66 43
66 44 D
66 45
66 46 P
66 47 D
66 48 P
66 49 D
66 50 D
66 51
66 52 PD
66 53
66 54
66 55 PD
66 56 D
66 57 D
66 58 D
66 59
66 60 P
66 61 PD
66 62 D
66 63 P
66 64 D
66 65 P
66 66
66 67 P
66 68
66 69 P
66 70 P
66 71 P
66 72 PD
66 73 P
66 74
66 75 D
66 76 P
66 77 P
66 78 D
66 79 P
67 0 P
67 1 D
67 2 PD
67 3 D
67 4 D
67 5 D
67 6 P
67 7 P
67 8 D
67 9 D
67 10 P
67 11
67 12 P
67 13 P
67 14 PD
67 15
67 16 PD
67 17 D
67 18 P
67 19 D
67 20 PD
67 21 D
67 22 PD
67 23
67 24 D
67 25 PD
67 26
67 27 P
67 28 P
67 29 D
67 30 D
67 31 D
67 32 D
67 33 D
67 34 D
67 35 D
67 36 P
67 37 P
67 38 D
67 39 P
67 40 D
67 41 P
67 42 D
67 43 PD
67 44 D
67 45
67 46 D
67 47 P
67 48 D
67 49 PD
67 50 D
67 51 D
67 52 P
67 53 D
67 54 D
67 55
67 56 PD
67 57 D
67 58 D
67 59 D
67 60
67 61 P
67 62 P
67 63 P
67 64 P
67 65 P
67 66 D
67 67 D
67 68 D
67 69
67 70 P
67 71 P
67 72 P
67 73 PD
67 74 D
67 75 D
67 76 P
67 77 D
67 78 P
67 79 D
68 0 PD
68 1 P
68 2
68 3 PD
68 4 PD
68 5
68 6 P
68 7 PD
68 8 D
68 9
68 10 P
68 11 D
68 12 P
68 13 PD
68 14
68 15 PD
68 16
68 17 D
68 18 D
68 19 P
68 20
68 21 P
68 22
68 23 PD
68 24 D
68 25
68 26 PD
68 27
68 28 P
68 29 D
68 30 P
68 31 PD
68 32 D
68 33 D
68 34 D
68 35 P
68 36
68 37 P
68 38 PD
68 39 D
68 40
68 41 PD
68 42 P
68 43 PD
68 44 D
68 45 PD
68 46
68 47 PD
68 48
68 49 P
68 50 PD
68 51 P
68 52 P
68 53 PD
68 54 D
68 55 D
68 56
68 57 PD
68 58 D
68 59 D
68 60 D
68 61
68 62 P
68 63 D
68 64 P
68 65 PD
68 66
68 67 PD
68 68 D
68 69 D
68 70 D
68 71
68 72
68 73 P
68 74 PD
68 75
68 76
68 77 PD
68 78 D
68 79 P
69 0 P
69 1 D
69 2 D
69 3
69 4 P
69 5 D
69 6 D
69 7
69 8 PD
69 9 D
69 10 PD
69 11
69 12 P
69 13
69 14 PD
69 15 D
69 16 PD
69 17 D
69 18 P
69 19 D
69 20 D
69 21 D
69 22 D
69 23 P
69 24 D
69 25 P
69 26 P
69 27 PD
69 28 D
69 29 D
69 30
69 31 PD
69 32 D
69 33 D
69 34
69 35 PD
69 36 D
69 37 D
69 38 P
69 39 PD
69 40 P
69 41 P
69 42
69 43 P
69 44 P
69 45 D
69 46 D
69 47 P
69 48 D
69 49
69 50
69 51 P
69 52 D
69 53 P
69 54 PD
69 55 D
69 56 D
69 57
69 58 D
69 59 D
69 60 D
69 61 P
69 62 PD
69 63
69 64 P
69 65 D
69 66 D
69 67
69 68 D
69 69 D
69 70 PD
69 71 D
69 72 D
69 73
69 74 PD
69 75 D
69 76 D
69 77
69 78 P
69 79 P
70 0 P
70 1 PD
70 2
70 3 PD
70 4 D
70 5 D
70 6 D
70 7 D
70 8
70 9 P
70 10 P
70 11 PD
70 12 D
70 13 D
70 14
70 15 P
70 16
70 17 P
70 18 P
70 19 D
70 20 PD
70 21 D
70 22 P
70 23 PD
70 24
70 25 PD
70 26
70 27 P
70 28 D
70 29 PD
70 30 D
70 31 P
70 32 D
70 33 D
70 34 P
70 35
70 36 PD
70 37 P
70 38
70 39 P
70 40
70 41 P
70 42 PD
70 43
70 44 PD
70 45 D
70 46
70 47 P
70 48 PD
70 49 D
70 50 D
70 51 PD
70 52
70 53 P
70 54 D
70 55 D
70 56 D
70 57 PD
70 58
70 59 PD
70 60 D
70 61 P
70 62 D
70 63 P
70 64 D
70 65 D
70 66 P
70 67 PD
70 68 D
70 69 PD
70 70
70 71 PD
70 72 D
70 73 D
70 74
70 75 PD
70 76 D
70 77 D
70 78
70 79 P
71 0 P
71 1 P
71 2 P
71 3 P
71 4 D
71 5 D
71 6 PD
71 7 D
71 8 P
71 9 D
71 10 P
71 11 D
71 12
71 13 PD
71 14 D
71 15 D
71 16 D
71 17 P
71 18 D
71 19 D
71 20
71 21 P
71 22 P
71 23 P
71 24 D
71 25 P
71 26 PD
71 27 D
71 28
71 29 P
71 30 D
71 31 P
71 32 PD
71 33 P
71 34 D
71 35 PD
71 36
71 37 PD
71 38 D
71 39 P
71 40 D
71 41 P
71 42 D
71 43 P
71 44 D
71 45 P
71 46 PD
71 47 D
71 48
71 49 PD
71 50 P
71 51 P
71 52 D
71 53 D
71 54 D
71 55 D
71 56 P
71 57 P
71 58 PD
71 59
71 60 P
71 61 D
71 62 P
71 63 D
71 64 PD
71 65 P
71 66 D
71 67
71 68 P
71 69
71 70 PD
71 71
71 72 PD
71 73 D
71 74 D
71 75 P
71 76 PD
71 77 D
71 78 D
71 79
72 0 P
72 1 P
72 2 D
72 3 D
72 4 D
72 5
72 6 P
72 7 D
72 8 D
72 9 P
72 10 D
72 11 D
72 12 D
72 13
72 14 P
72 15 P
72 16 PD
72 17 D
72 18 D
72 19 D
72 20 D
72 21 P
72 22 P
72 23 D
72 24 P
72 25 P
72 26 D
72 27 P
72 28 D
72 29 P
72 30 P
72 31
72 32 P
72 33 D
72 34 P
72 35 D
72 36 P
72 37
72 38 P
72 39 PD
72 40
72 41 PD
72 42
72 43 PD
72 44
72 45 P
72 46 P
72 47 D
72 48 PD
72 49
72 50 P
72 51 P
72 52 P
72 53 D
72 54 P
72 55 PD
72 56
72 57 D
72 58
72 59 PD
72 60 D
72 61
72 62 D
72 63
72 64 P
72 65 D
72 66 D
72 67 PD
72 68 D
72 69
72 70 P
72 71 PD
72 72
72 73 D
72 74 P
72 75 P
72 76 D
72 77 PD
72 78 D
72 79
73 0 P
73 1 D
73 2 D
73 3 PD
73 4 D
73 5 D
73 6 D
73 7 P
73 8 P
73 9 PD
73 10 D
73 11 PD
73 12 D
73 13 PD
73 14 P
73 15 D
73 16 P
73 17 D
73 18 D
73 19 PD
73 20 P
73 21
73 22 P
73 23 P
73 24 P
73 25 D
73 26 P
73 27 P
73 28 P
73 29 D
73 30 P
73 31 PD
73 32
73 33 P
73 34 PD
73 35
73 36 PD
73 37 D
73 38
73 39 P
73 40 PD
73 41
73 42 PD
73 43
73 44 PD
73 45
73 46 PD
73 47
73 48 P
73 49 P
73 50 P
73 51 D
73 52 P
73 53 P
73 54 D
73 55
73 56 PD
73 57 D
73 58 PD
73 59
73 60 PD
73 61 D
73 62 D
73 63 D
73 64 D
73 65 D
73 66 P
73 67
73 68 PD
73 69 D
73 70
73 71 P
73 72 D
73 73 P
73 74 P
73 75 D
73 76 P
73 77
73 78 PD
73 79 P
74 0 PD
74 1 D
74 2 P
74 3
74 4 PD
74 5 D
74 6
74 7 P
74 8 P
74 9
74 10 P
74 11
74 12 P
74 13
74 14 PD
74 15 P
74 16 D
74 17 PD
74 18
74 19 P
74 20 D
74 21 D
74 22 P
74 23 P
74 24 D
74 25 P
74 26
74 27 PD
74 28 D
74 29
74 30 P
74 31
74 32 PD
74 33
74 34 P
74 35 PD
74 36
74 37 PD
74 38
74 39 P
74 40 P
74 41 PD
74 42 D
74 43
74 44 P
74 45 D
74 46
74 47 PD
74 48
74 49 D
74 50 D
74 51 P
74 52 D
74 53 D
74 54 D
74 55 D
74 56 P
74 57 P
74 58 D
74 59 PD
74 60
74 61 PD
74 62 D
74 63 PD
74 64 D
74 65
74 66 P
74 67 D
74 68 P
74 69 PD
74 70 PD
74 71
74 72 PD
74 73
74 74 PD
74 75
74 76 D
74 77 D
74 78 P
74 79
75 0 P
75 1 P
75 2 D
75 3 D
75 4 P
75 5 D
75 6 PD
75 7
75 8 PD
75 9 D
75 10 D
75 11 D
75 12 D
75 13 P
75 14
75 15 P
75 16 P
75 17 P
75 18 PD
75 19 D
75 20
75 21 P
75 22 D
75 23 D
75 24 P
75 25 D
75 26 D
75 27 P
75 28 D
75 29 PD
75 30 D
75 31 D
75 32 D
75 33 PD
75 34
75 35 P
75 36 D
75 37 D
75 38 D
75 39
75 40 P
75 41
75 42 PD
75 43 D
75 44 D
75 45 PD
75 46 D
75 47 D
75 48 D
75 49 P
75 50 P
75 51 PD
75 52 D
75 53 D
75 54 PD
75 55
75 56 P
75 57 D
75 58 P
75 59
75 60 PD
75 61 D
75 62
75 63 P
75 64 PD
75 65 D
75 66 D
75 67 D
75 68
75 69 P
75 70 P
75 71 PD
75 72 P
75 73 D
75 74 D
75 75 PD
75 76 D
75 77 D
75 78 P
75 79 PD
76 0 P
76 1 P
76 2 D
76 3 P
76 4 PD
76 5
76 6 P
76 7 PD
76 8
76 9 PD
76 10 P
76 11 D
76 12 PD
76 13
76 14 PD
76 15
76 16 PD
76 17
76 18 P
76 19 P
76 20 D
76 21 PD
76 22 D
76 23
76 24 PD
76 25 D
76 26 P
76 27
76 28 P
76 29 PD
76 30
76 31 PD
76 32
76 33
76 34 PD
76 35
76 36 PD
76 37 D
76 38 D
76 39 D
76 40 D
76 41 PD
76 42
76 43 PD
76 44 P
76 45
76 46 PD
76 47
76 48 P
76 49 D
76 50
76 51 P
76 52 D
76 53 P
76 54
76 55 PD
76 56 D
76 57
76 58 PD
76 59 D
76 60
76 61 PD
76 62
76 63 P
76 64 D
76 65 P
76 66 P
76 67 D
76 68 D
76 69 P
76 70 P
76 71
76 72 PD
76 73 D
76 74 P
76 75
76 76 PD
76 77 P
76 78 P
76 79 P
77 0 PD
77 1 D
77 2
77 3 P
77 4 P
77 5 D
77 6 P
77 7 D
77 8 P
77 9
77 10 D
77 11 P
77 12
77 13 D
77 14 P
77 15 PD
77 16
77 17 PD
77 18 D
77 19 PD
77 20
77 21 P
77 22 D
77 23 D
77 24
77 25 P
77 26 P
77 27 PD
77 28 P
77 29 P
77 30 D
77 31 D
77 32 D
77 33 D
77 34 P
77 35 PD
77 36
77 37 PD
77 38 D
77 39 P
77 40 P
77 41 P
77 42 D
77 43
77 44 D
77 45 D
77 46 P
77 47 D
77 48 D
77 49 D
77 50 P
77 51 D
77 52 P
77 53 PD
77 54 D
77 55 D
77 56
77 57 PD
77 58
77 59 PD
77 60 D
77 61 P
77 62 D
77 63 D
77 64 P
77 65 P
77 66 PD
77 67 D
77 68
77 69 P
77 70 D
77 71
77 72 P
77 73 P
77 74 D
77 75 D
77 76
77 77 P
77 78
77 79 P
78 0 P
78 1 D
78 2 D
78 3 D
78 4 D
78 5
78 6 P
78 7 P
78 8 D
78 9 PD
78 10 P
78 11 D
78 12 D
78 13 PD
78 14
78 15 P
78 16 PD
78 17
78 18 P
78 19 P
78 20 P
78 21 PD
78 22 D
78 23 PD
78 24 D
78 25 P
78 26 P
78 27 P
78 28 P
78 29 D
78 30 P
78 31 PD
78 32 D
78 33 P
78 34 D
78 35 P
78 36 PD
78 37
78 38 D
78 39 P
78 40 PD
78 41 D
78 42 P
78 43 PD
78 44 D
78 45 D
78 46 P
78 47 D
78 48 D
78 49 P
78 50 D
78 51 D
78 52 P
78 53 D
78 54 PD
78 55
78 56 PD
78 57
78 58 P
78 59 P
78 60 D
78 61 D
78 62 D
78 63 P
78 64 P
78 65 D
78 66
78 67 PD
78 68 D
78 69 P
78 70 D
78 71 PD
78 72
78 73 PD
78 74 PD
78 75 D
78 76
78 77 PD
78 78 D
78 79
79 0 P
79 1 PD
79 2 D
79 3 D
79 4 D
79 5 D
79 6 P
79 7 PD
79 8
79 9 P
79 10
79 11 PD
79 12 D
79 13
79 14 P
79 15 P
79 16
79 17 PD
79 18 P
79 19 P
79 20 D
79 21
79 22 P
79 23
79 24 P
79 25 P
79 26 P
79 27 P
79 28 D
79 29 P
79 30 P
79 31
79 32 P
79 33 PD
79 34
79 35 P
79 36 P
79 37 PD
79 38
79 39 P
79 40
79 41 P
79 42 P
79 43 P
79 44 PD
79 45 P
79 46 D
79 47 PD
79 48 D
79 49 D
79 50 D
79 51
79 52 D
79 53 P
79 54
79 55 PD
79 56 P
79 57 D
79 58 P
79 59 D
79 60 P
79 61 PD
79 62
79 63 P
79 64 PD
79 65 D
79 66 D
79 67
79 68 P
79 69 D
79 70 P
79 71 P
79 72 D
79 73
79 74 P
79 75 PD
79 76
79 77 D
79 78
79 79 P
80 0 P
80 1 P
80 2 PD
80 3 D
80 4 D
80 5 P
80 6 D
80 7
80 8 PD
80 9
80 10 PD
80 11 P
80 12 D
80 13 D
80 14 P
80 15 PD
80 16 D
80 17
80 18 P
80 19 PD
80 20 D
80 21 P
80 22 D
80 23 PD
80 24
80 25 P
80 26 P
80 27 D
80 28
80 29 P
80 30 P
80 31 PD
80 32 D
80 33
80 34 P
80 35 P
80 36 D
80 37 P
80 38 PD
80 39 D
80 40 D
80 41
80 42 P
80 43 P
80 44 P
80 45 D
80 46
80 47 P
80 48 PD
80 49 D
80 50 PD
80 51 D
80 52 P
80 53 D
80 54 PD
80 55
80 56 PD
80 57
80 58 PD
80 59 P
80 60 P
80 61 P
80 62 D
80 63
80 64 D
80 65 P
80 66 PD
80 67 D
80 68 PD
80 69
80 70 P
80 71 D
80 72 D
80 73 D
80 74 P
80 75 D
80 76 PD
80 77 D
80 78 D
80 79
81 0 P
81 1 P
81 2
81 3 D
81 4 P
81 5 PD
81 6 PD
81 7 D
81 8
81 9 PD
81 10
81 11 D
81 12 D
81 13 P
81 14 P
81 15 P
81 16 D
81 17 D
81 18 P
81 19
81 20 P
81 21 PD
81 22
81 23 P
81 24 PD
81 25 P
81 26 PD
81 27 D
81 28 D
81 29
81 30 PD
81 31
81 32 PD
81 33 D
81 34 D
81 35 D
81 36
81 37 P
81 38 P
81 39 PD
81 40 D
81 41 PD
81 42
81 43 P
81 44 PD
81 45 D
81 46 P
81 47 P
81 48 P
81 49 P
81 50
81 51 P
81 52 D
81 53 P
81 54 PD
81 55
81 56 P
81 57 PD
81 58
81 59 P
81 60 PD
81 61 D
81 62 D
81 63 D
81 64 P
81 65 D
81 66
81 67 P
81 68
81 69 P
81 70 D
81 71 PD
81 72 D
81 73 P
81 74 D
81 75 P
81 76 D
81 77 D
81 78 D
81 79 P
82 0 P
82 1 P
82 2 D
82 3 PD
82 4
82 5 P
82 6 P
82 7 D
82 8 D
82 9
82 10 PD
82 11
82 12 PD
82 13
82 14 P
82 15 D
82 16 D
82 17
82 18 D
82 19 D
82 20 P
82 21 P
82 22 PD
82 23
82 24 P
82 25 P
82 26
82 27 PD
82 28 D
82 29 D
82 30
82 31 P
82 32 P
82 33 D
82 34 D
82 35 PD
82 36 D
82 37 P
82 38 P
82 39
82 40 P
82 41
82 42 PD
82 43 P
82 44
82 45 P
82 46 P
82 47
82 48 P
82 49 D
82 50 D
82 51 D
82 52 D
82 53
82 54
82 55 PD
82 56
82 57 P
82 58 P
82 59 P
82 60
82 61 PD
82 62 D
82 63 P
82 64 D
82 65 PD
82 66 D
82 67 D
82 68 D
82 69 D
82 70 P
82 71 D
82 72
82 73 PD
82 74 P
82 75 P
82 76 D
82 77 PD
82 78
82 79 P
83 0 P
83 1 PD
83 2
83 3 P
83 4 PD
83 5
83 6 D
83 7 D
83 8 D
83 9 D
83 10
83 11 D
83 12 P
83 13 D
83 14 D
83 15 D
83 16 D
83 17 D
83 18 D
83 19 D
83 20 P
83 21 D
83 22
83 23 PD
83 24
83 25 D
83 26 D
83 27
83 28 PD
83 29
83 30 PD
83 31 P
83 32 D
83 33 D
83 34 P
83 35 P
83 36 P
83 37 P
83 38 D
83 39 D
83 40 D
83 41 D
83 42 P
83 43 D
83 44 D
83 45 P
83 46 D
83 47 D
83 48 D
83 49 P
83 50 PD
83 51 D
83 52 P
83 53 D
83 54 PD
83 55
83 56 D
83 57 D
83 58
83 59 D
83 60 D
83 61
83 62 P
83 63 D
83 64 P
83 65 P
83 66 P
83 67 D
83 68 PD
83 69
83 70 D
83 71 D
83 72 P
83 73
83 74 P
83 75 D
83 76 P
83 77 P
83 78 D
83 79 P
84 0 P
84 1 D
84 2 P
84 3 P
84 4 D
84 5 D
84 6 D
84 7 PD
84 8 D
84 9 PD
84 10 D
84 11 P
84 12 PD
84 13 D
84 14 D
84 15 PD
84 16 D
84 17 D
84 18 PD
84 19
84 20 D
84 21 D
84 22 D
84 23 D
84 24 D
84 25 P
84 26 D
84 27 D
84 28 P
84 29 D
84 30 P
84 31 D
84 32 PD
84 33
84 34 P
84 35 P
84 36 P
84 37 D
84 38 P
84 39 P
84 40 PD
84 41
84 42
84 43 PD
84 44
84 45 PD
84 46 D
84 47 D
84 48 P
84 49 D
84 50 P
84 51 P
84 52 D
84 53 D
84 54
84 55 PD
84 56 PD
84 57 D
84 58 PD
84 59
84 60 PD
84 61 D
84 62 D
84 63 P
84 64 P
84 65 D
84 66 P
84 67 P
84 68 P
84 69 PD
84 70 D
84 71 D
84 72 D
84 73 P
84 74 D
84 75 P
84 76 P
84 77 D
84 78 P
84 79 D
85 0 PD
85 1 P
85 2 P
85 3 PD
85 4 D
85 5 PD
85 6
85 7 P
85 8 P
85 9
85 10 P
85 11 P
85 12 P
85 13 P
85 14 D
85 15
85 16 P
85 17 D
85 18 P
85 19 D
85 20 D
85 21 PD
85 22 D
85 23 D
85 24 P
85 25 D
85 26 P
85 27 PD
85 28 D
85 29
85 30 P
85 31 D
85 32
85 33 PD
85 34
85 35 P
85 36 PD
85 37 P
85 38 PD
85 39
85 40 PD
85 41 D
85 42 PD
85 43
85 44 D
85 45
85 46 PD
85 47
85 48 PD
85 49
85 50 P
85 51 PD
85 52 D
85 53 D
85 54 D
85 55 P
85 56 P
85 57 P
85 58 D
85 59 PD
85 60
85 61 PD
85 62 P
85 63 D
85 64 P
85 65 P
85 66 D
85 67 P
85 68 D
85 69 P
85 70 D
85 71 D
85 72 P
85 73 D
85 74 P
85 75 P
85 76 D
85 77 P
85 78 D
85 79 P
86 0 P
86 1
86 2 P
86 3
86 4 P
86 5 P
86 6 D
86 7
86 8 PD
86 9 PD
86 10
86 11 P
86 12 D
86 13 D
86 14 D
86 15 D
86 16 P
86 17 P
86 18 D
86 19 D
86 20 P
86 21 P
86 22 D
86 23 P
86 24 D
86 25
86 26 P
86 27 P
86 28 PD
86 29 D
86 30
86 31 PD
86 32 D
86 33 P
86 34 PD
86 35
86 36 P
86 37 P
86 38 P
86 39 D
86 40
86 41 P
86 42 P
86 43 PD
86 44 D
86 45 D
86 46 PD
86 47 D
86 48 P
86 49 P
86 50 P
86 51 D
86 52 D
86 53
86 54 P
86 55 P
86 56 P
86 57 D
86 58 P
86 59
86 60 PD
86 61
86 62 D
86 63 P
86 64 D
86 65 P
86 66 P
86 67 D
86 68 P
86 69 D
86 70 D
86 71 P
86 72 D
86 73 P
86 74
86 75 PD
86 76
86 77 PD
86 78 P
86 79 P
87 0 P
87 1 PD
87 2
87 3 PD
87 4 D
87 5 D
87 6 P
87 7 D
87 8
87 9 P
87 10 D
87 11 PD
87 12 D
87 13 PD
87 14 D
87 15 P
87 16 D
87 17 P
87 18 P
87 19 P
87 20 P
87 21 PD
87 22
87 23 D
87 24 PD
87 25 D
87 26 PD
87 27
87 28 P
87 29 D
87 30 D
87 31
87 32 P
87 33 P
87 34
87 35 PD
87 36 P
87 37
87 38 P
87 39 PD
87 40 D
87 41
87 42 P
87 43 P
87 44 PD
87 45
87 46
87 47 P
87 48 P
87 49 P
87 50 D
87 51 D
87 52 PD
87 53 D
87 54 P
87 55 P
87 56 D
87 57 P
87 58 D
87 59 D
87 60 P
87 61 PD
87 62 D
87 63 D
87 64
87 65 P
87 66 D
87 67 P
87 68 P
87 69 D
87 70 PD
87 71 D
87 72
87 73 PD
87 74 D
87 75 P
87 76 PD
87 77
87 78 P
87 79 P
88 0 P
88 1 P
88 2 D
88 3 P
88 4 PD
88 5
88 6 PD
88 7 D
88 8 D
88 9 D
88 10
88 11 P
88 12 P
88 13 P
88 14 P
88 15 D
88 16 P
88 17 D
88 18 P
88 19 P
88 20 P
88 21 D
88 22 PD
88 23 P
88 24 P
88 25 P
88 26 P
88 27 D
88 28 D
88 29 PD
88 30 D
88 31 D
88 32 D
88 33 D
88 34 D
88 35
88 36
88 37 PD
88 38
88 39 P
88 40 D
88 41 D
88 42 P
88 43 P
88 44 D
88 45 PD
88 46 D
88 47
88 48 P
88 49 D
88 50 D
88 51 P
88 52 P
88 53 PD
88 54
88 55 P
88 56 D
88 57 D
88 58 D
88 59 P
88 60 P
88 61
88 62 D
88 63 PD
88 64 D
88 65 D
88 66 D
88 67
88 68 P
88 69 P
88 70
88 71 PD
88 72 D
88 73 P
88 74 P
88 75
88 76 P
88 77 D
88 78
88 79 P
89 0 P
89 1 PD
89 2 D
89 3
89 4 P
89 5 D
89 6
89 7 PD
89 8 D
89 9 D
89 10 D
89 11
89 12 P
89 13
89 14 PD
89 15
89 16 D
89 17 P
89 18 P
89 19 PD
89 20 D
89 21
89 22 P
89 23 P
89 24 P
89 25 P
89 26 P
89 27 D
89 28 P
89 29
89 30 PD
89 31 D
89 32 D
89 33 D
89 34 D
89 35 PD
89 36 D
89 37 D
89 38 P
89 39 D
89 40 D
89 41 P
89 42 D
89 43 D
89 44 P
89 45 D
89 46 D
89 47 P
89 48 D
89 49 PD
89 50
89 51 P
89 52
89 53 P
89 54 PD
89 55 D
89 56 D
89 57 P
89 58 P
89 59 P
89 60 D
89 61 PD
89 62 P
89 63 D
89 64 P
89 65 P
89 66 PD
89 67 D
89 68 D
89 69 P
89 70 D
89 71 D
89 72 P
89 73 P
89 74 D
89 75 PD
89 76 P
89 77 D
89 78 D
89 79 P
90 0 P
90 1 P
90 2 D
90 3 D
90 4 P
90 5 PD
90 6 D
90 7 D
90 8 D
90 9 P
90 10 PD
90 11 D
90 12 D
90 13 D
90 14 D
90 15 D
90 16 PD
90 17
90 18
90 19 P
90 20 PD
90 21 D
90 22
90 23
90 24
90 25 P
90 26 PD
90 27
90 28 D
90 29 D
90 30 D
90 31 D
90 32 P
90 33 D
90 34 P
90 35 P
90 36 P
90 37 P
90 38 D
90 39 D
90 40 D
90 41 PD
90 42 D
90 43
90 44 P
90 45 D
90 46 P
90 47 PD
90 48
90 49
90 50 P
90 51 PD
90 52 D
90 53 P
90 54 PD
90 55
90 56 P
90 57 PD
90 58
90 59 P
90 60 P
90 61 P
90 62 D
90 63 P
90 64 P
90 65 P
90 66
90 67 D
90 68 P
90 69 D
90 70 D
90 71 P
90 72
90 73 PD
90 74 P
90 75 P
90 76
90 77 PD
90 78 D
90 79
91 0 P
91 1 D
91 2 D
91 3 P
91 4 PD
91 5
91 6 PD
91 7 D
91 8 P
91 9 P
91 10
91 11 PD
91 12 D
91 13 PD
91 14
91 15 PD
91 16
91 17 PD
91 18 PD
91 19
91 20 PD
91 21 D
91 22 D
91 23 PD
91 24 D
91 25 P
91 26 PD
91 27 D
91 28 PD
91 29 D
91 30 D
91 31 P
91 32 D
91 33
91 34 P
91 35 P
91 36 P
91 37 P
91 38 PD
91 39 D
91 40 P
91 41
91 42 PD
91 43
91 44 PD
91 45 D
91 46 P
91 47 PD
91 48 D
91 49 D
91 50 D
91 51
91 52 P
91 53 P
91 54
91 55 PD
91 56 P
91 57 P
91 58 P
91 59 PD
91 60
91 61 P
91 62 P
91 63 P
91 64 D
91 65 D
91 66 PD
91 67 P
91 68 PD
91 69 D
91 70
91 71 PD
91 72 P
91 73
91 74 P
91 75 D
91 76 P
91 77 P
91 78 D
91 79 D
92 0 PD
92 1 D
92 2 P
92 3 P
92 4
92 5 D
92 6 D
92 7
92 8 P
92 9 D
92 10 P
92 11 D
92 12 P
92 13 P
92 14 D
92 15 P
92 16 PD
92 17
92 18 P
92 19 D
92 20
92 21 D
92 22 P
92 23 D
92 24 P
92 25
92 26
92 27 P
92 28 P
92 29 PD
92 30 P
92 31 PD
92 32 D
92 33 PD
92 34
92 35 P
92 36 P
92 37 P
92 38 P
92 39 P
92 40 D
92 41 D
92 42 D
92 43 D
92 44 P
92 45 P
92 46
92 47 P
92 48 D
92 49 D
92 50 PD
92 51 D
92 52 P
92 53 D
92 54 D
92 55 P
92 56
92 57
92 58 PD
92 59
92 60 PD
92 61
92 62 PD
92 63 D
92 64 PD
92 65
92 66 P
92 67
92 68 P
92 69 D
92 70 PD
92 71
92 72 D
92 73
92 74 PD
92 75 P
92 76 D
92 77 P
92 78 PD
92 79
93 0 P
93 1 P
93 2 P
93 3 D
93 4 D
93 5 PD
93 6 D
93 7 D
93 8 D
93 9
93 10 PD
93 11
93 12
93 13 D
93 14 P
93 15 P
93 16 P
93 17 P
93 18 D
93 19 D
93 20 PD
93 21 D
93 22 P
93 23 P
93 24 D
93 25 PD
93 26 D
93 27 P
93 28 P
93 29
93 30 P
93 31
93 32 P
93 33
93 34 PD
93 35 D
93 36 P
93 37 D
93 38 P
93 39 D
93 40 D
93 41 PD
93 42 D
93 43
93 44
93 45 PD
93 46
93 47 D
93 48 PD
93 49 P
93 50 PD
93 51
93 52 D
93 53 P
93 54 D
93 55
93 56 PD
93 57 D
93 58 P
93 59 PD
93 60
93 61 P
93 62
93 63 P
93 64
93 65 PD
93 66 D
93 67 D
93 68 P
93 69 P
93 70 D
93 71 D
93 72 P
93 73 D
93 74
93 75 D
93 76 P
93 77 D
93 78 P
93 79 P
94 0 P
94 1 D
94 2 D
94 3 D
94 4 P
94 5 P
94 6 D
94 7 PD
94 8 D
94 9
94 10 PD
94 11 D
94 12 D
94 13 D
94 14 P
94 15 P
94 16 PD
94 17 D
94 18 D
94 19
94 20 P
94 21 P
94 22 D
94 23 PD
94 24
94 25 P
94 26 PD
94 27
94 28 PD
94 29 D
94 30 P
94 31 D
94 32 D
94 33 D
94 34
94 35 P
94 36 D
94 37
94 38 D
94 39 PD
94 40 P
94 41 D
94 42 D
94 43 D
94 44 PD
94 45 D
94 46 PD
94 47 P
94 48
94 49 P
94 50
94 51 PD
94 52
94 53 PD
94 54 D
94 55 D
94 56 P
94 57 P
94 58
94 59 P
94 60 D
94 61 PD
94 62 D
94 63 PD
94 64 D
94 65
94 66 P
94 67 P
94 68 D
94 69 P
94 70 PD
94 71
94 72 PD
94 73
94 74 PD
94 75 D
94 76 D
94 77 P
94 78 P
94 79 D
95 0 P
95 1 PD
95 2 PD
95 3
95 4 P
95 5 P
95 6 P
95 7 D
95 8 D
95 9 P
95 10 P
95 11 D
95 12 D
95 13 P
95 14 P
95 15
95 16 P
95 17 PD
95 18 D
95 19
95 20 P
95 21 D
95 22 P
95 23 P
95 24 D
95 25 P
95 26 P
95 27 D
95 28 P
95 29 P
95 30 D
95 31 D
95 32 D
95 33 D
95 34 PD
95 35 D
95 36 D
95 37 D
95 38 P
95 39
95 40 PD
95 41 D
95 42 PD
95 43 P
95 44
95 45 P
95 46 P
95 47
95 48 PD
95 49 D
95 50 D
95 51 P
95 52 PD
95 53 D
95 54
95 55 P
95 56 P
95 57 D
95 58 PD
95 59 D
95 60 P
95 61 P
95 62 P
95 63
95 64 D
95 65 D
95 66 P
95 67 PD
95 68 P
95 69 D
95 70
95 71 PD
95 72
95 73 PD
95 74
95 75 PD
95 76
95 77 P
95 78 P
95 79 P
96 0 P
96 1
96 2 P
96 3 P
96 4 P
96 5 D
96 6 D
96 7 D
96 8 P
96 9 D
96 10 D
96 11 D
96 12 P
96 13 P
96 14 D
96 15 P
96 16 P
96 17 P
96 18 PD
96 19 D
96 20 PD
96 21
96 22 P
96 23 D
96 24
96 25 P
96 26 D
96 27 P
96 28
96 29 PD
96 30 PD
96 31 D
96 32 D
96 33
96 34 P
96 35 D
96 36 PD
96 37
96 38 PD
96 39
96 40
96 41 P
96 42
96 43 D
96 44 PD
96 45
96 46 P
96 47 D
96 48 P
96 49 P
96 50 D
96 51
96 52 P
96 53 PD
96 54 D
96 55 D
96 56 D
96 57 P
96 58 P
96 59 P
96 60 P
96 61 D
96 62 D
96 63 D
96 64 P
96 65 PD
96 66
96 67 P
96 68 D
96 69 D
96 70
96 71 P
96 72 D
96 73 P
96 74 PD
96 75 P
96 76 D
96 77
96 78 PD
96 79
97 0 PD
97 1 D
97 2
97 3 P
97 4 PD
97 5 D
97 6 D
97 7 P
97 8 D
97 9 P
97 10 D
97 11 D
97 12
97 13 PD
97 14
97 15 P
97 16
97 17 P
97 18
97 19 PD
97 20
97 21 PD
97 22 D
97 23 D
97 24 D
97 25 D
97 26 P
97 27 D
97 28 D
97 29
97 30 P
97 31 D
97 32 D
97 33 PD
97 34 D
97 35
97 36 P
97 37 D
97 38 P
97 39 PD
97 40 PD
97 41 D
97 42 D
97 43 D
97 44 P
97 45 D
97 46 PD
97 47
97 48 P
97 49 D
97 50 D
97 51 PD
97 52
97 53 P
97 54 PD
97 55
97 56 P
97 57 P
97 58 D
97 59 P
97 60 PD
97 61 D
97 62 D
97 63
97 64 D
97 65
97 66 PD
97 67 D
97 68 D
97 69 D
97 70 P
97 71 PD
97 72 D
97 73 P
97 74 P
97 75 D
97 76 D
97 77 D
97 78
97 79 D
98 0 P
98 1 PD
98 2 D
98 3
98 4 PD
98 5
98 6 D
98 7 D
98 8 P
98 9 PD
98 10 D
98 11 D
98 12 D
98 13
98 14 PD
98 15 D
98 16 PD
98 17
98 18 PD
98 19
98 20 PD
98 21 D
98 22
98 23 PD
98 24 D
98 25 P
98 26 D
98 27
98 28 PD
98 29 D
98 30 PD
98 31 D
98 32
98 33 P
98 34 P
98 35 P
98 36 PD
98 37 D
98 38 P
98 39
98 40 P
98 41 PD
98 42 PD
98 43
98 44 D
98 45
98 46 PD
98 47 D
98 48 PD
98 49 D
98 50 P
98 51 P
98 52 P
98 53
98 54 P
98 55 PD
98 56
98 57 D
98 58 P
98 59 P
98 60
98 61 PD
98 62 D
98 63 D
98 64 D
98 65 P
98 66 P
98 67 PD
98 68 D
98 69 P
98 70 D
98 71 P
98 72 P
98 73
98 74 PD
98 75 D
98 76 D
98 77 PD
98 78 D
98 79
99 0 P
99 1 D
99 2 P
99 3 D
99 4 P
99 5 PD
99 6 P
99 7 PD
99 8
99 9 P
99 10 D
99 11 D
99 12 D
99 13 P
99 14 P
99 15 P
99 16 D
99 17 D
99 18
99 19 PD
99 20 P
99 21 P
99 22 P
99 23 P
99 24 P
99 25 P
99 26 PD
99 27 D
99 28
99 29 P
99 30 P
99 31 PD
99 32 D
99 33 D
99 34 P
99 35 D
99 36
99 37 P
99 38 D
99 39
99 40 P
99 41 P
99 42
99 43 D
99 44 PD
99 45 D
99 46
99 47 P
99 48
99 49 P
99 50
99 51 P
99 52 D
99 53 PD
99 54
99 55 P
99 56 D
99 57 PD
99 58
99 59 PD
99 60 D
99 61
99 62 PD
99 63 PD
99 64
99 65 PD
99 66
99 67
99 68 P
99 69 D
99 70 P
99 71 P
99 72 PD
99 73 D
99 74
99 75 PD
99 76
99 77 P
99 78 D
99 79 P
100 0 P
100 1 P
100 2 PD
100 3
100 4 P
100 5 P
100 6 P
100 7 P
100 8 D
100 9 PD
100 10 D
100 11 D
100 12 P
100 13 D
100 14 P
100 15 D
100 16 PD
100 17 D
100 18 D
100 19 P
100 20
100 21 P
100 22 D
100 23
100 24 P
100 25 D
100 26
100 27 PD
100 28 D
100 29 P
100 30 P
100 31 P
100 32 PD
100 33
100 34 D
100 35 D
100 36 D
100 37 D
100 38 P
100 39 PD
100 40
100 41 PD
100 42 D
100 43 P
100 44 P
100 45 D
100 46 D
100 47 PD
100 48 D
100 49 PD
100 50 D
100 51 D
100 52 P
100 53 P
100 54 D
100 55 D
100 56 D
100 57 P
100 58 D
100 59
100 60 D
100 61 D
100 62 P
100 63 P
100 64 D
100 65
100 66 D
100 67 PD
100 68 D
100 69 PD
100 70
100 71 P
100 72 P
100 73 PD
100 74 D
100 75 P
100 76 D
100 77 PD
100 78
100 79 P
101 0 PD
101 1
101 2 P
101 3 PD
101 4
101 5 P
101 6
101 7 D
101 8 P
101 9
101 10 PD
101 11
101 12 PD
101 13
101 14 D
101 15 P
101 16 P
101 17 D
101 18 P
101 19 D
101 20 P
101 21 D
101 22 D
101 23 D
101 24 PD
101 25 D
101 26 P
101 27
101 28 P
101 29 P
101 30
101 31
101 32 PD
101 33 D
101 34 PD
101 35 D
101 36 PD
101 37 P
101 38 D
101 39 P
101 40 D
101 41 P
101 42 P
101 43 D
101 44 D
101 45 D
101 46
101 47 P
101 48 D
101 49
101 50 P
101 51 P
101 52 D
101 53 D
101 54 D
101 55 D
101 56
101 57 PD
101 58 D
101 59 D
101 60 D
101 61 P
101 62
101 63 D
101 64 D
101 65 PD
101 66 PD
101 67
101 68 P
101 69
101 70 PD
101 71
101 72 P
101 73 P
101 74 P
101 75 D
101 76 P
101 77
101 78 PD
101 79
102 0 P
102 1 PD
102 2
102 3 D
102 4
102 5 PD
102 6 D
102 7 P
102 8 D
102 9 D
102 10 P
102 11 D
102 12 P
102 13 PD
102 14 D
102 15
102 16 PD
102 17 P
102 18 PD
102 19 P
102 20 PD
102 21
102 22 PD
102 23 D
102 24
102 25 P
102 26 D
102 27 PD
102 28 D
102 29 D
102 30 PD
102 31 D
102 32
102 33 P
102 34 P
102 35 P
102 36
102 37 D
102 38 P
102 39 P
102 40 P
102 41 P
102 42 D
102 43 D
102 44 D
102 45 PD
102 46 D
102 47 D
102 48 D
102 49 D
102 50
102 51 PD
102 52 D
102 53 D
102 54 PD
102 55 D
102 56
102 57 P
102 58 D
102 59 PD
102 60
102 61 D
102 62 D
102 63 D
102 64 P
102 65
102 66 P
102 67 PD
102 68 D
102 69 PD
102 70
102 71 PD
102 72
102 73
102 74 D
102 75 P
102 76 D
102 77 P
102 78 PD
102 79 D
103 0 P
103 1 D
103 2 D
103 3 D
103 4 D
103 5 P
103 6 P
103 7 D
103 8 D
103 9 P
103 10 D
103 11 P
103 12 P
103 13 P
103 14 PD
103 15 P
103 16
103 17 P
103 18
103 19 P
103 20 D
103 21 P
103 22 P
103 23 D
103 24 PD
103 25 D
103 26
103 27 P
103 28 D
103 29 P
103 30
103 31 PD
103 32 D
103 33 P
103 34 P
103 35 P
103 36 PD
103 37 D
103 38
103 39 D
103 40
103 41 PD
103 42 D
103 43 D
103 44
103 45 P
103 46 D
103 47 PD
103 48 D
103 49 PD
103 50 D
103 51
103 52 D
103 53 P
103 54 P
103 55 D
103 56 D
103 57 PD
103 58 P
103 59 PD
103 60 D
103 61 D
103 62 PD
103 63
103 64 PD
103 65 P
103 66 P
103 67
103 68 P
103 69 P
103 70 D
103 71 D
103 72 D
103 73 PD
103 74
103 75 PD
103 76 P
103 77 PD
103 78
103 79 P
104 0 P
104 1 D
104 2 D
104 3 PD
104 4 P
104 5
104 6 D
104 7 PD
104 8
104 9 PD
104 10
104 11 P
104 12
104 13 P
104 14 P
104 15 D
104 16
104 17 D
104 18 P
104 19 PD
104 20 P
104 21 D
104 22 D
104 23 P
104 24 P
104 25 D
104 26 P
104 27 D
104 28 P
104 29 PD
104 30 D
104 31
104 32 P
104 33 P
104 34 P
104 35 D
104 36
104 37 PD
104 38 PD
104 39 D
104 40 D
104 41
104 42 PD
104 43 D
104 44 D
104 45 P
104 46 P
104 47
104 48 P
104 49 D
104 50 D
104 51 D
104 52 P
104 53 P
104 54 D
104 55 PD
104 56
104 57 P
104 58 P
104 59
104 60 PD
104 61 P
104 62 D
104 63 P
104 64 P
104 65
104 66 D
104 67 PD
104 68
104 69 D
104 70 D
104 71 PD
104 72
104 73 P
104 74 D
104 75
104 76 P
104 77 P
104 78 PD
104 79 P
105 0 PD
105 1 D
105 2 P
105 3
105 4 PD
105 5 PD
105 6 D
105 7
105 8 P
105 9 PD
105 10 D
105 11 D
105 12
105 13 P
105 14 D
105 15 PD
105 16 D
105 17 P
105 18 P
105 19 P
105 20 D
105 21 P
105 22 D
105 23 P
105 24 PD
105 25 P
105 26 D
105 27 D
105 28 P
105 29 D
105 30 D
105 31 D
105 32 P
105 33 P
105 34 D
105 35 D
105 36 P
105 37
105 38 P
105 39 D
105 40 D
105 41 D
105 42 D
105 43 P
105 44 P
105 45 P
105 46 D
105 47 PD
105 48 D
105 49 PD
105 50 D
105 51 P
105 52 P
105 53 D
105 54 P
105 55 P
105 56 PD
105 57
105 58 D
105 59 D
105 60
105 61 PD
105 62
105 63 P
105 64 D
105 65 PD
105 66
105 67 P
105 68 PD
105 69 D
105 70 P
105 71 P
105 72 D
105 73 PD
105 74 D
105 75 P
105 76 P
105 77
105 78
105 79 P
106 0 P
106 1 P
106 2 PD
106 3
106 4
106 5 P
106 6 D
106 7 PD
106 8 P
106 9 P
106 10 PD
106 11 D
106 12 D
106 13 D
106 14 P
106 15
106 16 P
106 17 PD
106 18
106 19
106 20 PD
106 21 D
106 22 P
106 23 P
106 24
106 25 PD
106 26 D
106 27 P
106 28 D
106 29 D
106 30 PD
106 31 P
106 32 P
106 33 D
106 34 D
106 35 P
106 36 D
106 37 D
106 38 D
106 39 D
106 40 D
106 41 PD
106 42
106 43 P
106 44 P
106 45 D
106 46 P
106 47
106 48 P
106 49
106 50 PD
106 51
106 52 P
106 53 P
106 54 D
106 55 P
106 56 PD
106 57 D
106 58 P
106 59 PD
106 60
106 61 P
106 62 D
106 63 D
106 64 P
106 65 D
106 66 D
106 67
106 68 P
106 69 P
106 70 D
106 71 PD
106 72
106 73 P
106 74 P
106 75 P
106 76 D
106 77 PD
106 78 D
106 79 P
107 0 P
107 1 P
107 2
107 3 PD
107 4 D
107 5 D
107 6
107 7 P
107 8 P
107 9 P
107 10 P
107 11 D
107 12 D
107 13 D
107 14 D
107 15 PD
107 16
107 17 P
107 18 PD
107 19 PD
107 20
107 21 P
107 22 P
107 23 D
107 24 P
107 25
107 26 P
107 27 P
107 28 PD
107 29
107 30
107 31 P
107 32 D
107 33 P
107 34 P
107 35 D
107 36 D
107 37 PD
107 38
107 39 PD
107 40
107 41 P
107 42 PD
107 43
107 44 PD
107 45
107 46 PD
107 47 D
107 48 P
107 49 PD
107 50
107 51 PD
107 52
107 53 PD
107 54 P
107 55
107 56 P
107 57 P
107 58 D
107 59
107 60 P
107 61 PD
107 62 D
107 63 P
107 64 D
107 65 D
107 66 D
107 67 PD
107 68
107 69 D
107 70 P
107 71 P
107 72 D
107 73
107 74 P
107 75 PD
107 76 P
107 77 P
107 78 P
107 79 P
108 0 PD
108 1 D
108 2 D
108 3
108 4 PD
108 5 D
108 6 PD
108 7 P
108 8
108 9 P
108 10 D
108 11 PD
108 12 D
108 13
108 14 P
108 15 P
108 16 D
108 17
108 18 P
108 19 P
108 20 D
108 21 P
108 22 D
108 23
108 24 PD
108 25 D
108 26
108 27 P
108 28 D
108 29 PD
108 30 D
108 31 D
108 32 P
108 33 P
108 34 D
108 35 P
108 36 PD
108 37
108 38 PD
108 39
108 40 D
108 41 P
108 42 P
108 43 PD
108 44
108 45 PD
108 46
108 47 P
108 48 D
108 49
108 50 PD
108 51 P
108 52 PD
108 53
108 54 D
108 55 D
108 56 P
108 57 D
108 58 D
108 59 PD
108 60
108 61
108 62 PD
108 63 D
108 64 D
108 65 D
108 66 P
108 67
108 68 D
108 69 PD
108 70
108 71 PD
108 72 D
108 73 PD
108 74
108 75 P
108 76 P
108 77 P
108 78 P
108 79 P
109 0 P
109 1 D
109 2 D
109 3 D
109 4
109 5 P
109 6 P
109 7
109 8 D
109 9 PD
109 10
109 11 P
109 12 D
109 13 D
109 14 D
109 15 D
109 16 D
109 17 D
109 18
109 19 PD
109 20
109 21 PD
109 22
109 23 PD
109 24
109 25 PD
109 26 D
109 27 D
109 28 P
109 29
109 30 D
109 31 P
109 32
109 33 D
109 34 D
109 35
109 36 P
109 37 D
109 38 D
109 39 D
109 40 D
109 41 P
109 42
109 43 P
109 44 PD
109 45
109 46 P
109 47 PD
109 48 D
109 49 PD
109 50
109 51 P
109 52 P
109 53 D
109 54 PD
109 55
109 56 D
109 57 P
109 58 P
109 59 D
109 60 PD
109 61 D
109 62
109 63 P
109 64 D
109 65 P
109 66 PD
109 67 D
109 68 D
109 69
109 70 P
109 71
109 72 PD
109 73
109 74 PD
109 75
109 76
109 77 P
109 78 P
109 79
110 0 PD
110 1 D
110 2 D
110 3 PD
110 4 D
110 5 P
110 6 P
110 7 PD
110 8 D
110 9
110 10 PD
110 11
110 12 PD
110 13 D
110 14 PD
110 15 D
110 16
110 17 P
110 18 PD
110 19
110 20 P
110 21 PD
110 22 D
110 23 P
110 24 D
110 25 PD
110 26 D
110 27
110 28 D
110 29 D
110 30 PD
110 31 D
110 32 D
110 33 D
110 34 P
110 35 PD
110 36 D
110 37 D
110 38 D
110 39 D
110 40
110 41 D
110 42 D
110 43 P
110 44 D
110 45 D
110 46 P
110 47 P
110 48 P
110 49
110 50 PD
110 51
110 52 P
110 53 P
110 54 D
110 55 PD
110 56 P
110 57 D
110 58 PD
110 59
110 60 P
110 61 PD
110 62 D
110 63 PD
110 64
110 65 P
110 66 P
110 67 PD
110 68 D
110 69 D
110 70
110 71 PD
110 72
110 73 PD
110 74 D
110 75 PD
110 76 D
110 77
110 78 PD
110 79
111 0 P
111 1 PD
111 2
111 3
111 4 P
111 5
111 6 PD
111 7
111 8 PD
111 9 D
111 10 P
111 11 D
111 12
111 13 P
111 14 P
111 15 D
111 16 D
111 17 PD
111 18
111 19 PD
111 20 P
111 21 P
111 22 P
111 23 D
111 24 P
111 25
111 26 PD
111 27 D
111 28 D
111 29 P
111 30 P
111 31 D
111 32 D
111 33 P
111 34 PD
111 35
111 36 PD
111 37
111 38 PD
111 39 D
111 40 D
111 41 D
111 42 D
111 43 PD
111 44 D
111 45
111 46 P
111 47 P
111 48 D
111 49 P
111 50 P
111 51 PD
111 52
111 53 D
111 54 P
111 55 P
111 56 D
111 57
111 58 P
111 59 PD
111 60
111 61
111 62 PD
111 63
111 64 PD
111 65
111 66 P
111 67 P
111 68 PD
111 69 D
111 70 D
111 71 P
111 72 PD
111 73
111 74 P
111 75 PD
111 76
111 77 PD
111 78
111 79 PD
112 0 P
112 1 P
112 2 PD
112 3 D
112 4 D
112 5 D
112 6
112 7 PD
112 8
112 9 P
112 10 D
112 11 P
112 12 PD
112 13 D
112 14 PD
112 15 D
112 16 P
112 17 P
112 18 PD
112 19
112 20
112 21 P
112 22 P
112 23 D
112 24 PD
112 25
112 26 P
112 27 PD
112 28 P
112 29 PD
112 30 D
112 31 PD
112 32
112 33 P
112 34 P
112 35 D
112 36 D
112 37 D
112 38
112 39 D
112 40 PD
112 41 D
112 42 P
112 43 P
112 44 D
112 45 PD
112 46
112 47 P
112 48 P
112 49 P
112 50 P
112 51 D
112 52 D
112 53 P
112 54 P
112 55 P
112 56 PD
112 57 D
112 58
112 59 P
112 60 PD
112 61 D
112 62
112 63 PD
112 64
112 65 PD
112 66
112 67 PD
112 68
112 69 PD
112 70 P
112 71
112 72 P
112 73 D
112 74 P
112 75
112 76 PD
112 77
112 78 PD
112 79
113 0 P
113 1 D
113 2 P
113 3 D
113 4 D
113 5 D
113 6 PD
113 7
113 8 P
113 9 D
113 10 P
113 11 P
113 12 P
113 13 P
113 14 P
113 15 P
113 16
113 17 P
113 18 P
113 19 D
113 20 PD
113 21
113 22 D
113 23 P
113 24
113 25 PD
113 26
113 27 P
113 28 P
113 29
113 30 P
113 31
113 32 PD
113 33
113 34 D
113 35 P
113 36 PD
113 37 D
113 38 D
113 39 D
113 40 P
113 41 P
113 42 P
113 43 D
113 44 P
113 45 P
113 46 PD
113 47
113 48 P
113 49 P
113 50 D
113 51 PD
113 52
113 53 PD
113 54
113 55 P
113 56 D
113 57 D
113 58
113 59 P
113 60 P
113 61 PD
113 62 D
113 63 P
113 64 D
113 65 P
113 66 P
113 67 P
113 68 D
113 69 P
113 70 D
113 71 PD
113 72 P
113 73 P
113 74 PD
113 75 D
113 76
113 77 PD
113 78 D
113 79
114 0 P
114 1 P
114 2 D
114 3 D
114 4 PD
114 5
114 6 P
114 7 D
114 8 PD
114 9 P
114 10 D
114 11
114 12 P
114 13 P
114 14
114 15 PD
114 16 D
114 17 P
114 18 P
114 19 PD
114 20
114 21 PD
114 22 D
114 23 D
114 24 P
114 25 P
114 26 PD
114 27
114 28 D
114 29 PD
114 30 D
114 31
114 32 PD
114 33 D
114 34 P
114 35 P
114 36 P
114 37 D
114 38 PD
114 39 P
114 40
114 41 P
114 42 P
114 43 P
114 44 P
114 45 P
114 46 D
114 47 D
114 48 P
114 49 D
114 50 PD
114 51
114 52 PD
114 53
114 54 PD
114 55 D
114 56 D
114 57 D
114 58 D
114 59
114 60 P
114 61 P
114 62 P
114 63 P
114 64 PD
114 65
114 66 P
114 67 D
114 68 P
114 69 P
114 70 P
114 71
114 72 P
114 73 P
114 74 P
114 75 PD
114 76 D
114 77
114 78 P
114 79 D
115 0 P
115 1 PD
115 2 D
115 3
115 4 P
115 5 D
115 6 PD
115 7 P
115 8
115 9 PD
115 10 D
115 11 D
115 12 P
115 13 D
115 14 D
115 15
115 16 P
115 17 P
115 18 D
115 19 P
115 20 PD
115 21 P
115 22 D
115 23 P
115 24 D
115 25
115 26 PD
115 27 D
115 28 P
115 29
115 30 P
115 31 D
115 32 P
115 33 P
115 34 P
115 35 D
115 36 D
115 37 P
115 38 P
115 39 D
115 40 D
115 41 P
115 42
115 43 P
115 44 P
115 45 P
115 46 PD
115 47
115 48 PD
115 49
115 50 P
115 51 D
115 52 P
115 53 D
115 54
115 55 D
115 56 PD
115 57 PD
115 58 D
115 59 D
115 60
115 61 P
115 62 D
115 63
115 64 P
115 65 P
115 66 PD
115 67 D
115 68
115 69 P
115 70 PD
115 71 D
115 72 P
115 73 P
115 74 P
115 75 P
115 76 D
115 77 PD
115 78 PD
115 79
116 0 PD
116 1
116 2 PD
116 3 D
116 4 D
116 5 P
116 6 P
116 7 PD
116 8
116 9 D
116 10
116 11 P
116 12 D
116 13 PD
116 14 D
116 15 D
116 16 P
116 17 D
116 18 P
116 19
116 20 P
116 21 D
116 22 P
116 23 PD
116 24 D
116 25 P
116 26 P
116 27 P
116 28 D
116 29 D
116 30 P
116 31 PD
116 32
116 33 P
116 34 D
116 35 PD
116 36
116 37 P
116 38 D
116 39 P
116 40 P
116 41 PD
116 42 D
116 43
116 44 P
116 45 P
116 46 P
116 47 D
116 48 P
116 49 PD
116 50 D
116 51
116 52 PD
116 53 D
116 54 PD
116 55
116 56
116 57 P
116 58 D
116 59 D
116 60 PD
116 61
116 62 PD
116 63 D
116 64
116 65 P
116 66 P
116 67 D
116 68 PD
116 69
116 70 P
116 71 P
116 72
116 73 P
116 74 P
116 75 PD
116 76 P
116 77
116 78 P
116 79 D
117 0 P
117 1 D
117 2 P
117 3 D
117 4 P
117 5
117 6 P
117 7
117 8 PD
117 9 D
117 10 PD
117 11 D
117 12 D
117 13 P
117 14 PD
117 15
117 16 D
117 17
117 18 PD
117 19 D
117 20 D
117 21 P
117 22 P
117 23 D
117 24 P
117 25 P
117 26 P
117 27 D
117 28 PD
117 29
117 30 PD
117 31
117 32 PD
117 33 D
117 34 P
117 35 P
117 36 D
117 37 D
117 38
117 39 P
117 40 P
117 41
117 42 PD
117 43 D
117 44 P
117 45 D
117 46 PD
117 47
117 48 P
117 49
117 50 PD
117 51 D
117 52
117 53 P
117 54 D
117 55 D
117 56 D
117 57 D
117 58 D
117 59
117 60 P
117 61 PD
117 62 P
117 63 D
117 64 PD
117 65 D
117 66 D
117 67 P
117 68 P
117 69 D
117 70
117 71 PD
117 72 D
117 73
117 74 P
117 75 P
117 76
117 77 PD
117 78 D
117 79
118 0 PD
118 1
118 2 PD
118 3
118 4 PD
118 5 D
118 6 P
118 7 D
118 8 P
118 9 P
118 10
118 11 PD
118 12
118 13 P
118 14 D
118 15 PD
118 16 D
118 17 P
118 18 P
118 19 P
118 20 P
118 21
118 22 PD
118 23 P
118 24 P
118 25
118 26 PD
118 27
118 28 P
118 29 D
118 30
118 31 PD
118 32
118 33 P
118 34 P
118 35 D
118 36 P
118 37 PD
118 38 D
118 39 P
118 40 PD
118 41 D
118 42
118 43 P
118 44 PD
118 45
118 46 P
118 47 PD
118 48
118 49 PD
118 50 D
118 51 D
118 52 P
118 53 PD
118 54 PD
118 55 D
118 56 D
118 57 D
118 58 PD
118 59 D
118 60
118 61 P
118 62 PD
118 63
118 64 P
118 65 PD
118 66 P
118 67 P
118 68 D
118 69 D
118 70 D
118 71 P
118 72 D
118 73 PD
118 74 P
118 75 P
118 76 D
118 77 P
118 78 PD
118 79 P
119 0 P
119 1 D
119 2
119 3 D
119 4
119 5 P
119 6 D
119 7 D
119 8
119 9 PD
119 10 D
119 11
119 12 D
119 13 D
119 14
119 15 P
119 16 D
119 17
119 18 D
119 19
119 20 PD
119 21
119 22
119 23 P
119 24 D
119 25 D
119 26
119 27 D
119 28 D
119 29 D
119 30 D
119 31
119 32 PD
119 33
119 34 D
119 35 P
119 36 D
119 37
119 38 P
119 39 D
119 40
119 41 D
119 42 D
119 43 P
119 44
119 45 D
119 46
119 47 P
119 48 D
119 49 D
119 50
119 51 P
119 52
119 53 P
119 54
119 55 P
119 56 D
119 57 D
119 58
119 59 D
119 60 D
119 61
119 62 P
119 63 D
119 64
119 65
119 66 P
119 67 D
119 68 D
119 69 D
119 70
119 71 D
119 72
119 73 P
119 74
119 75 D
119 76 D
119 77
119 78 P
119 79
